client data            computing_speed throughput      update_time     upload_time    
0      2.0000          33.4855         50000000.0000   0.0597          1.0000         
1      26.0000         49.8752         50000000.0000   0.5213          1.0000         
2      2.0000          22.8303         50000000.0000   0.0876          1.0000         
3      30.0000         11.3468         50000000.0000   2.6439          1.0000         
4      3.0000          1.0000          50000000.0000   3.0000          1.0000         
5      25.0000         29.9679         50000000.0000   0.8342          1.0000         
6      4.0000          37.2577         50000000.0000   0.1074          1.0000         
7      18.0000         14.7930         50000000.0000   1.2168          1.0000         
8      23.0000         27.9074         50000000.0000   0.8242          1.0000         
9      7.0000          39.7481         50000000.0000   0.1761          1.0000         
10     24.0000         43.4373         50000000.0000   0.5525          1.0000         
11     20.0000         32.3978         50000000.0000   0.6173          1.0000         
12     11.0000         35.7708         50000000.0000   0.3075          1.0000         
13     9.0000          38.6148         50000000.0000   0.2331          1.0000         
14     33.0000         40.6873         50000000.0000   0.8111          1.0000         
15     21.0000         26.7935         50000000.0000   0.7838          1.0000         
16     31.0000         37.7976         50000000.0000   0.8202          1.0000         
17     21.0000         44.2659         50000000.0000   0.4744          1.0000         
18     30.0000         7.5201          50000000.0000   3.9893          1.0000         
19     29.0000         28.0536         50000000.0000   1.0337          1.0000         
20     27.0000         7.8639          50000000.0000   3.4334          1.0000         
21     27.0000         18.0258         50000000.0000   1.4979          1.0000         
22     16.0000         35.5943         50000000.0000   0.4495          1.0000         
23     22.0000         32.5591         50000000.0000   0.6757          1.0000         
24     14.0000         32.6636         50000000.0000   0.4286          1.0000         
25     29.0000         27.3803         50000000.0000   1.0592          1.0000         
26     21.0000         2.5184          50000000.0000   8.3385          1.0000         
27     6.0000          50.0000         50000000.0000   0.1200          1.0000         
28     32.0000         33.6722         50000000.0000   0.9503          1.0000         
29     3.0000          35.4426         50000000.0000   0.0846          1.0000         
30     13.0000         19.2803         50000000.0000   0.6743          1.0000         
31     31.0000         14.4452         50000000.0000   2.1460          1.0000         
32     12.0000         8.7465          49412348.8116   1.3720          1.0119         
33     24.0000         40.6954         49405431.7483   0.5897          1.0120         
34     2.0000          17.1299         49360709.4908   0.1168          1.0130         
35     9.0000          19.3642         49327823.3751   0.4648          1.0136         
36     5.0000          12.6128         48895863.2875   0.3964          1.0226         
37     27.0000         29.5164         48819438.8943   0.9147          1.0242         
38     34.0000         12.9091         48730310.6761   2.6338          1.0261         
39     34.0000         17.6088         48356701.6632   1.9309          1.0340         
40     10.0000         48.5917         48346643.8040   0.2058          1.0342         
41     11.0000         33.3420         48272388.3739   0.3299          1.0358         
42     18.0000         37.4248         48001062.0007   0.4810          1.0416         
43     16.0000         33.5387         47781509.5886   0.4771          1.0464         
44     1.0000          41.6533         47774980.1613   0.0240          1.0466         
45     5.0000          14.6146         47733508.6571   0.3421          1.0475         
46     29.0000         33.5642         47605934.8338   0.8640          1.0503         
47     30.0000         22.7527         47357494.6606   1.3185          1.0558         
48     26.0000         23.1437         47313480.7030   1.1234          1.0568         
49     22.0000         1.0000          47104661.5746   22.0000         1.0615         
50     2.0000          49.7076         47059645.2217   0.0402          1.0625         
51     30.0000         1.0000          46833884.3602   30.0000         1.0676         
52     13.0000         29.9837         46796591.5289   0.4336          1.0685         
53     14.0000         18.9133         46756080.7991   0.7402          1.0694         
54     12.0000         40.0112         46546587.8731   0.2999          1.0742         
55     12.0000         25.1159         46448522.2399   0.4778          1.0765         
56     5.0000          8.1680          46209168.8209   0.6121          1.0820         
57     4.0000          25.3723         46050161.2901   0.1577          1.0858         
58     25.0000         37.8674         45817972.2736   0.6602          1.0913         
59     28.0000         27.7715         45649947.3501   1.0082          1.0953         
60     2.0000          39.1765         45555779.1925   0.0511          1.0976         
61     19.0000         44.5744         45527655.8411   0.4263          1.0982         
62     34.0000         22.5047         45465355.7109   1.5108          1.0997         
63     12.0000         26.5539         45390922.9257   0.4519          1.1015         
64     11.0000         8.8474          45359063.8680   1.2433          1.1023         
65     1.0000          50.0000         45320576.3299   0.0200          1.1033         
66     28.0000         50.0000         45156663.2905   0.5600          1.1073         
67     19.0000         11.6958         45129520.6376   1.6245          1.1079         
68     4.0000          22.3964         45034193.2745   0.1786          1.1103         
69     17.0000         35.7651         44800881.3999   0.4753          1.1160         
70     2.0000          37.5991         44580171.2097   0.0532          1.1216         
71     4.0000          14.8881         44562438.6052   0.2687          1.1220         
72     18.0000         1.0000          44412740.3146   18.0000         1.1258         
73     17.0000         30.6988         44397372.7996   0.5538          1.1262         
74     12.0000         21.7011         44269633.6115   0.5530          1.1294         
75     28.0000         9.5185          44181942.6287   2.9416          1.1317         
76     13.0000         13.8774         43999443.1951   0.9368          1.1364         
77     13.0000         40.9449         43939640.8685   0.3175          1.1379         
78     3.0000          47.1866         43906959.0854   0.0636          1.1388         
79     17.0000         40.5721         43877247.4897   0.4190          1.1395         
80     28.0000         48.9557         43817899.9919   0.5719          1.1411         
81     24.0000         4.9027          43785996.2793   4.8952          1.1419         
82     32.0000         21.3056         43618763.0391   1.5020          1.1463         
83     19.0000         36.1829         43542395.5524   0.5251          1.1483         
84     23.0000         37.8654         43403760.8675   0.6074          1.1520         
85     28.0000         3.9918          43334770.7561   7.0143          1.1538         
86     23.0000         43.4104         43277547.5151   0.5298          1.1553         
87     20.0000         24.4419         43141474.3437   0.8183          1.1590         
88     29.0000         46.3818         43101050.7186   0.6252          1.1601         
89     22.0000         16.3607         42788320.9593   1.3447          1.1685         
90     18.0000         50.0000         42688648.9830   0.3600          1.1713         
91     32.0000         29.9470         42568596.6082   1.0686          1.1746         
92     18.0000         26.0220         42560093.0427   0.6917          1.1748         
93     2.0000          25.9102         42374162.4859   0.0772          1.1800         
94     16.0000         46.6522         42252687.2649   0.3430          1.1834         
95     36.0000         29.3353         42168180.7810   1.2272          1.1857         
96     36.0000         29.9423         42036882.2754   1.2023          1.1894         
97     6.0000          50.0000         41985898.7371   0.1200          1.1909         
98     23.0000         36.1678         41975568.7893   0.6359          1.1912         
99     6.0000          18.7966         41788994.1209   0.3192          1.1965         
100    35.0000         21.0698         41737932.1405   1.6611          1.1980         
101    18.0000         44.7354         41647479.5475   0.4024          1.2006         
102    32.0000         7.2954          41561064.0780   4.3864          1.2030         
103    4.0000          5.1518          41479917.8092   0.7764          1.2054         
104    7.0000          35.9614         41435759.4830   0.1947          1.2067         
105    35.0000         28.8591         41294129.7707   1.2128          1.2108         
106    28.0000         31.1092         41283147.0944   0.9001          1.2111         
107    17.0000         3.4090          41071264.9723   4.9867          1.2174         
108    2.0000          45.6423         41028387.4011   0.0438          1.2187         
109    25.0000         10.1885         40959040.9218   2.4538          1.2207         
