client data            computing_speed throughput      update_time     upload_time    
0      3.0000          50.0000         50000000.0000   0.0600          1.0000         
1      8.0000          50.0000         50000000.0000   0.1600          1.0000         
2      1.0000          15.4463         50000000.0000   0.0647          1.0000         
3      33.0000         14.5748         50000000.0000   2.2642          1.0000         
4      11.0000         34.0947         50000000.0000   0.3226          1.0000         
5      7.0000          33.4822         50000000.0000   0.2091          1.0000         
6      25.0000         4.7829          50000000.0000   5.2269          1.0000         
7      5.0000          46.6774         50000000.0000   0.1071          1.0000         
8      6.0000          1.0000          50000000.0000   6.0000          1.0000         
9      7.0000          50.0000         50000000.0000   0.1400          1.0000         
10     26.0000         32.0008         50000000.0000   0.8125          1.0000         
11     8.0000          46.3143         50000000.0000   0.1727          1.0000         
12     7.0000          50.0000         50000000.0000   0.1400          1.0000         
13     31.0000         26.3982         50000000.0000   1.1743          1.0000         
14     14.0000         1.0000          50000000.0000   14.0000         1.0000         
15     14.0000         1.0000          50000000.0000   14.0000         1.0000         
16     31.0000         1.9899          50000000.0000   15.5786         1.0000         
17     20.0000         50.0000         50000000.0000   0.4000          1.0000         
18     12.0000         28.3831         50000000.0000   0.4228          1.0000         
19     6.0000          16.8676         50000000.0000   0.3557          1.0000         
20     29.0000         27.7443         50000000.0000   1.0453          1.0000         
21     3.0000          18.2879         50000000.0000   0.1640          1.0000         
22     5.0000          1.0000          50000000.0000   5.0000          1.0000         
23     32.0000         45.6580         50000000.0000   0.7009          1.0000         
24     20.0000         41.5353         50000000.0000   0.4815          1.0000         
25     6.0000          24.8291         50000000.0000   0.2417          1.0000         
26     9.0000          48.7641         50000000.0000   0.1846          1.0000         
27     12.0000         43.0050         50000000.0000   0.2790          1.0000         
28     15.0000         1.0000          50000000.0000   15.0000         1.0000         
29     12.0000         7.9072          50000000.0000   1.5176          1.0000         
30     16.0000         1.0000          50000000.0000   16.0000         1.0000         
31     12.0000         20.2871         50000000.0000   0.5915          1.0000         
32     30.0000         22.4794         50000000.0000   1.3346          1.0000         
33     20.0000         3.0536          50000000.0000   6.5497          1.0000         
34     24.0000         42.4342         50000000.0000   0.5656          1.0000         
35     35.0000         1.0000          50000000.0000   35.0000         1.0000         
36     33.0000         50.0000         50000000.0000   0.6600          1.0000         
37     21.0000         1.0000          50000000.0000   21.0000         1.0000         
38     20.0000         23.8671         50000000.0000   0.8380          1.0000         
39     1.0000          7.3622          50000000.0000   0.1358          1.0000         
40     28.0000         1.0000          50000000.0000   28.0000         1.0000         
41     20.0000         1.0000          50000000.0000   20.0000         1.0000         
42     22.0000         19.3347         50000000.0000   1.1379          1.0000         
43     17.0000         50.0000         50000000.0000   0.3400          1.0000         
44     28.0000         50.0000         50000000.0000   0.5600          1.0000         
45     22.0000         17.7218         50000000.0000   1.2414          1.0000         
46     9.0000          50.0000         50000000.0000   0.1800          1.0000         
47     8.0000          23.3988         50000000.0000   0.3419          1.0000         
48     9.0000          1.0000          50000000.0000   9.0000          1.0000         
49     3.0000          50.0000         50000000.0000   0.0600          1.0000         
50     30.0000         1.0000          50000000.0000   30.0000         1.0000         
51     11.0000         33.3444         50000000.0000   0.3299          1.0000         
52     28.0000         3.3971          50000000.0000   8.2423          1.0000         
53     26.0000         41.9672         50000000.0000   0.6195          1.0000         
54     29.0000         16.7346         50000000.0000   1.7329          1.0000         
55     3.0000          12.5262         50000000.0000   0.2395          1.0000         
56     20.0000         1.0000          50000000.0000   20.0000         1.0000         
57     21.0000         1.0000          50000000.0000   21.0000         1.0000         
58     6.0000          7.7739          50000000.0000   0.7718          1.0000         
59     32.0000         1.0000          50000000.0000   32.0000         1.0000         
60     21.0000         24.7523         50000000.0000   0.8484          1.0000         
61     26.0000         34.5288         50000000.0000   0.7530          1.0000         
62     22.0000         45.1565         50000000.0000   0.4872          1.0000         
63     18.0000         1.0000          50000000.0000   18.0000         1.0000         
64     30.0000         50.0000         50000000.0000   0.6000          1.0000         
65     20.0000         42.9707         50000000.0000   0.4654          1.0000         
66     8.0000          40.4471         50000000.0000   0.1978          1.0000         
67     3.0000          15.6852         50000000.0000   0.1913          1.0000         
68     20.0000         1.0000          49977840.3336   20.0000         1.0004         
69     11.0000         1.0000          49899423.2363   11.0000         1.0020         
70     30.0000         48.8753         49683743.2603   0.6138          1.0064         
71     13.0000         50.0000         49653627.9841   0.2600          1.0070         
72     34.0000         50.0000         49174292.9729   0.6800          1.0168         
73     3.0000          17.2501         49035344.3105   0.1739          1.0197         
74     22.0000         50.0000         48672839.5560   0.4400          1.0273         
75     12.0000         46.7431         48619496.9064   0.2567          1.0284         
76     24.0000         9.4885          48067459.2108   2.5294          1.0402         
77     32.0000         1.0000          47811038.5434   32.0000         1.0458         
78     3.0000          50.0000         47788923.9029   0.0600          1.0463         
79     20.0000         16.9295         47700440.2193   1.1814          1.0482         
80     24.0000         32.3588         47632765.8011   0.7417          1.0497         
81     7.0000          44.1028         47628851.2684   0.1587          1.0498         
82     19.0000         36.8665         47511262.4277   0.5154          1.0524         
83     25.0000         49.1299         47270893.7134   0.5089          1.0577         
84     34.0000         2.6423          47072165.0967   12.8674         1.0622         
85     34.0000         46.0659         46600812.5644   0.7381          1.0729         
86     2.0000          34.8083         46386726.2076   0.0575          1.0779         
87     5.0000          10.9412         46224661.5792   0.4570          1.0817         
88     10.0000         45.5716         46123065.7230   0.2194          1.0841         
89     9.0000          1.0000          46081649.1561   9.0000          1.0850         
90     13.0000         29.2173         45930708.9175   0.4449          1.0886         
91     4.0000          33.2704         45903278.7618   0.1202          1.0892         
92     2.0000          50.0000         45641659.7244   0.0400          1.0955         
93     1.0000          41.8296         45536946.3575   0.0239          1.0980         
94     12.0000         28.4783         45241850.8976   0.4214          1.1052         
95     7.0000          31.3698         45229509.8147   0.2231          1.1055         
96     31.0000         50.0000         44935117.8960   0.6200          1.1127         
97     34.0000         42.5325         44886139.5206   0.7994          1.1139         
98     22.0000         50.0000         44580816.1464   0.4400          1.1216         
99     17.0000         25.9504         44297873.1747   0.6551          1.1287         
100    23.0000         41.5534         44085870.5639   0.5535          1.1342         
101    33.0000         1.0000          43985284.7490   33.0000         1.1367         
102    11.0000         22.5574         43843118.9514   0.4876          1.1404         
103    6.0000          17.7491         43752710.3753   0.3380          1.1428         
104    28.0000         39.0893         43715936.1402   0.7163          1.1437         
105    7.0000          50.0000         43632992.9631   0.1400          1.1459         
106    25.0000         31.9197         43620812.2724   0.7832          1.1462         
107    15.0000         50.0000         43416004.6564   0.3000          1.1516         
108    23.0000         27.3735         43400323.1188   0.8402          1.1521         
109    11.0000         1.0000          43365800.5055   11.0000         1.1530         
110    6.0000          50.0000         43245206.0609   0.1200          1.1562         
111    16.0000         39.0675         43075450.5713   0.4095          1.1608         
112    21.0000         47.4658         43057636.7265   0.4424          1.1612         
113    13.0000         40.5809         43044198.5567   0.3203          1.1616         
114    23.0000         31.7500         43015291.1597   0.7244          1.1624         
