client data            computing_speed throughput      update_time     upload_time    
0      1.0000          41.7411         47696069.2497   0.0240          1.0483         
1      10.0000         13.5633         50000000.0000   0.7373          1.0000         
2      29.0000         37.2500         50000000.0000   0.7785          1.0000         
3      34.0000         20.0703         50000000.0000   1.6940          1.0000         
4      11.0000         34.2472         50000000.0000   0.3212          1.0000         
5      17.0000         43.8621         50000000.0000   0.3876          1.0000         
6      33.0000         31.7654         50000000.0000   1.0389          1.0000         
7      16.0000         37.9664         50000000.0000   0.4214          1.0000         
8      27.0000         23.7189         50000000.0000   1.1383          1.0000         
9      33.0000         7.0678          50000000.0000   4.6691          1.0000         
10     20.0000         22.6402         50000000.0000   0.8834          1.0000         
11     30.0000         11.7490         50000000.0000   2.5534          1.0000         
12     34.0000         31.1895         50000000.0000   1.0901          1.0000         
13     33.0000         29.5557         50000000.0000   1.1165          1.0000         
14     30.0000         2.2612          50000000.0000   13.2676         1.0000         
15     31.0000         19.5715         50000000.0000   1.5839          1.0000         
16     12.0000         12.5790         50000000.0000   0.9540          1.0000         
17     22.0000         34.3144         50000000.0000   0.6411          1.0000         
18     26.0000         14.3727         50000000.0000   1.8090          1.0000         
19     20.0000         17.1416         50000000.0000   1.1668          1.0000         
20     26.0000         42.3805         50000000.0000   0.6135          1.0000         
21     22.0000         7.6345          50000000.0000   2.8816          1.0000         
22     34.0000         40.7857         50000000.0000   0.8336          1.0000         
23     24.0000         9.3911          50000000.0000   2.5556          1.0000         
24     20.0000         29.5243         50000000.0000   0.6774          1.0000         
25     34.0000         42.8976         50000000.0000   0.7926          1.0000         
26     18.0000         33.4916         50000000.0000   0.5374          1.0000         
27     16.0000         36.0848         50000000.0000   0.4434          1.0000         
28     28.0000         33.2149         50000000.0000   0.8430          1.0000         
29     34.0000         38.4621         50000000.0000   0.8840          1.0000         
30     16.0000         1.0000          50000000.0000   16.0000         1.0000         
31     3.0000          30.1488         50000000.0000   0.0995          1.0000         
32     21.0000         23.1678         50000000.0000   0.9064          1.0000         
33     7.0000          41.4073         50000000.0000   0.1691          1.0000         
34     8.0000          39.5096         50000000.0000   0.2025          1.0000         
35     24.0000         3.4265          50000000.0000   7.0041          1.0000         
36     5.0000          21.6143         50000000.0000   0.2313          1.0000         
37     11.0000         20.8894         50000000.0000   0.5266          1.0000         
38     11.0000         1.0000          50000000.0000   11.0000         1.0000         
39     16.0000         46.8967         50000000.0000   0.3412          1.0000         
40     22.0000         13.5119         50000000.0000   1.6282          1.0000         
41     10.0000         9.5269          50000000.0000   1.0497          1.0000         
42     32.0000         50.0000         50000000.0000   0.6400          1.0000         
43     35.0000         8.8544          49663029.8705   3.9528          1.0068         
44     21.0000         42.3622         49596336.5666   0.4957          1.0081         
45     23.0000         44.2262         49495983.7053   0.5201          1.0102         
46     11.0000         17.3008         49140385.7847   0.6358          1.0175         
47     4.0000          29.7726         48905663.2817   0.1344          1.0224         
48     24.0000         30.9217         48904439.4747   0.7762          1.0224         
49     31.0000         27.0496         48895684.0404   1.1460          1.0226         
50     25.0000         32.9887         48842061.2211   0.7578          1.0237         
51     24.0000         50.0000         48751419.9692   0.4800          1.0256         
52     19.0000         28.9652         48510878.3449   0.6560          1.0307         
53     28.0000         7.2938          48209720.8499   3.8389          1.0371         
54     5.0000          37.3262         48126417.1368   0.1340          1.0389         
55     4.0000          46.8468         47761096.5751   0.0854          1.0469         
56     25.0000         18.3930         47755409.6989   1.3592          1.0470         
57     22.0000         14.7019         47673472.5607   1.4964          1.0488         
58     13.0000         50.0000         47409672.9985   0.2600          1.0546         
59     8.0000          35.8872         47025077.1638   0.2229          1.0633         
60     11.0000         8.6489          46998571.6623   1.2718          1.0639         
61     5.0000          18.4478         46903802.1724   0.2710          1.0660         
62     30.0000         12.3638         46779529.9485   2.4264          1.0688         
63     25.0000         50.0000         46575681.1223   0.5000          1.0735         
64     17.0000         50.0000         46417900.1229   0.3400          1.0772         
65     3.0000          24.5857         46400787.2431   0.1220          1.0776         
66     2.0000          12.9945         46352282.8472   0.1539          1.0787         
67     13.0000         48.8428         46202918.6773   0.2662          1.0822         
68     5.0000          16.7649         46127690.2222   0.2982          1.0839         
69     19.0000         17.4713         46030943.7660   1.0875          1.0862         
70     34.0000         1.0000          46018097.6599   34.0000         1.0865         
71     7.0000          35.4600         45955875.8254   0.1974          1.0880         
72     1.0000          42.2511         45513228.7033   0.0237          1.0986         
73     13.0000         36.9598         45434397.5180   0.3517          1.1005         
74     5.0000          50.0000         45340379.5762   0.1000          1.1028         
75     8.0000          22.0252         45134859.2505   0.3632          1.1078         
76     27.0000         45.9054         45134267.3817   0.5882          1.1078         
77     6.0000          32.0064         44987161.0223   0.1875          1.1114         
78     33.0000         1.0000          44973757.8900   33.0000         1.1118         
79     20.0000         1.0000          44496730.3123   20.0000         1.1237         
80     11.0000         47.3453         44282400.0009   0.2323          1.1291         
81     29.0000         26.9651         44208169.5236   1.0755          1.1310         
82     23.0000         38.7418         44076326.0738   0.5937          1.1344         
83     7.0000          9.8210          43999911.4552   0.7128          1.1364         
84     6.0000          8.8991          43782965.5768   0.6742          1.1420         
85     30.0000         23.3621         43643419.9785   1.2841          1.1456         
86     11.0000         32.3104         43491402.0392   0.3404          1.1497         
87     34.0000         25.6295         43299273.3525   1.3266          1.1548         
88     29.0000         47.5355         43195918.1901   0.6101          1.1575         
89     8.0000          1.0000          43168012.4891   8.0000          1.1583         
90     26.0000         7.3391          43045409.9869   3.5427          1.1616         
91     10.0000         38.2799         42995854.1839   0.2612          1.1629         
92     16.0000         45.3779         42944042.7738   0.3526          1.1643         
93     19.0000         50.0000         42505799.3394   0.3800          1.1763         
94     5.0000          15.0970         42404888.4085   0.3312          1.1791         
95     28.0000         8.3008          42362211.1456   3.3732          1.1803         
96     32.0000         37.6572         42293376.2050   0.8498          1.1822         
97     25.0000         2.3517          42276679.9365   10.6305         1.1827         
98     5.0000          50.0000         42221047.9519   0.1000          1.1842         
99     8.0000          39.8770         42202023.2172   0.2006          1.1848         
100    12.0000         32.5224         42032270.1055   0.3690          1.1896         
101    29.0000         50.0000         42013195.4036   0.5800          1.1901         
102    29.0000         39.7693         41851209.5868   0.7292          1.1947         
103    35.0000         41.9857         41649703.2620   0.8336          1.2005         
104    21.0000         34.6704         41639101.3780   0.6057          1.2008         
105    31.0000         25.5995         41561315.8742   1.2110          1.2030         
106    21.0000         1.0000          41533195.4034   21.0000         1.2039         
107    10.0000         50.0000         41423065.7904   0.2000          1.2071         
108    19.0000         23.1475         41342251.1223   0.8208          1.2094         
109    8.0000          1.0000          41327883.7582   8.0000          1.2098         
110    20.0000         14.7405         41187816.3758   1.3568          1.2140         
