client data            computing_speed throughput      update_time     upload_time    
0      2.0000          42.6219         50000000.0000   0.0469          1.0000         
1      23.0000         36.3733         50000000.0000   0.6323          1.0000         
2      19.0000         32.7672         50000000.0000   0.5798          1.0000         
3      29.0000         26.8151         50000000.0000   1.0815          1.0000         
4      5.0000          1.4737          50000000.0000   3.3929          1.0000         
5      25.0000         25.8962         50000000.0000   0.9654          1.0000         
6      11.0000         22.9637         50000000.0000   0.4790          1.0000         
7      32.0000         29.5928         50000000.0000   1.0813          1.0000         
8      17.0000         33.1838         50000000.0000   0.5123          1.0000         
9      32.0000         24.4447         50000000.0000   1.3091          1.0000         
10     14.0000         16.0890         50000000.0000   0.8702          1.0000         
11     34.0000         20.4508         50000000.0000   1.6625          1.0000         
12     34.0000         22.2604         50000000.0000   1.5274          1.0000         
13     11.0000         48.5449         50000000.0000   0.2266          1.0000         
14     14.0000         19.4276         50000000.0000   0.7206          1.0000         
15     1.0000          1.0000          50000000.0000   1.0000          1.0000         
16     4.0000          21.6154         50000000.0000   0.1851          1.0000         
17     31.0000         15.9922         50000000.0000   1.9384          1.0000         
18     3.0000          1.0000          50000000.0000   3.0000          1.0000         
19     18.0000         44.8767         50000000.0000   0.4011          1.0000         
20     33.0000         20.5110         50000000.0000   1.6089          1.0000         
21     6.0000          29.3923         50000000.0000   0.2041          1.0000         
22     2.0000          27.9370         50000000.0000   0.0716          1.0000         
23     9.0000          9.2622          50000000.0000   0.9717          1.0000         
24     23.0000         26.4577         50000000.0000   0.8693          1.0000         
25     9.0000          14.8423         49649046.7000   0.6064          1.0071         
26     33.0000         41.1210         49579533.5640   0.8025          1.0085         
27     31.0000         15.1837         48880926.6343   2.0417          1.0229         
28     3.0000          9.7113          48838402.0149   0.3089          1.0238         
29     23.0000         27.5221         48818083.0483   0.8357          1.0242         
30     34.0000         1.1627          49520459.3413   29.2411         1.0097         
31     18.0000         33.1915         48668318.7056   0.5423          1.0274         
32     2.0000          27.4186         48594767.7456   0.0729          1.0289         
33     30.0000         48.8477         48319645.9835   0.6142          1.0348         
34     18.0000         50.0000         48292978.3011   0.3600          1.0353         
35     32.0000         21.9687         48016518.8071   1.4566          1.0413         
36     15.0000         12.8968         47860814.9473   1.1631          1.0447         
37     32.0000         22.6974         47822189.6636   1.4099          1.0455         
38     20.0000         5.1688          47381038.4925   3.8694          1.0553         
39     25.0000         3.1623          47163677.9931   7.9056          1.0601         
40     34.0000         25.5527         47100748.6687   1.3306          1.0616         
41     16.0000         1.0000          46820131.7298   16.0000         1.0679         
42     24.0000         24.2388         46597448.5678   0.9901          1.0730         
43     15.0000         6.7363          46488665.6242   2.2268          1.0755         
44     10.0000         18.7608         46273308.8748   0.5330          1.0805         
45     20.0000         21.0923         45959146.6359   0.9482          1.0879         
46     1.0000          38.0362         45624143.1110   0.0263          1.0959         
47     20.0000         1.0000          45398429.2056   20.0000         1.1014         
48     36.0000         1.0000          45233936.5959   36.0000         1.1054         
49     22.0000         17.6903         45076415.6113   1.2436          1.1092         
50     19.0000         5.5180          45015436.3976   3.4433          1.1107         
51     15.0000         16.1738         44880652.6112   0.9274          1.1141         
52     20.0000         23.7396         44859843.5735   0.8425          1.1146         
53     12.0000         34.1239         44766331.3965   0.3517          1.1169         
54     10.0000         40.6006         44751559.9339   0.2463          1.1173         
55     22.0000         1.0000          44746869.4752   22.0000         1.1174         
56     14.0000         12.1470         44620276.6764   1.1526          1.1206         
57     20.0000         32.1561         44515765.3798   0.6220          1.1232         
58     16.0000         39.3263         44462604.0524   0.4069          1.1245         
59     33.0000         3.3221          44291908.3128   9.9333          1.1289         
60     29.0000         33.3213         44239163.0960   0.8703          1.1302         
61     9.0000          1.0000          44223205.9937   9.0000          1.1306         
62     20.0000         41.1580         44157116.8070   0.4859          1.1323         
63     34.0000         31.4808         44080008.5059   1.0800          1.1343         
64     30.0000         33.8009         44031006.0740   0.8876          1.1356         
65     11.0000         44.7762         44007933.6305   0.2457          1.1362         
66     24.0000         19.4604         43911419.3472   1.2333          1.1387         
67     21.0000         8.1128          43888672.6791   2.5885          1.1392         
68     22.0000         14.8026         43870709.7096   1.4862          1.1397         
69     29.0000         44.3655         43841091.7308   0.6537          1.1405         
70     30.0000         24.6805         43575385.4156   1.2155          1.1474         
71     16.0000         36.5249         43573746.4901   0.4381          1.1475         
72     19.0000         10.8150         43541758.8768   1.7568          1.1483         
73     17.0000         17.9721         43397836.2322   0.9459          1.1521         
74     4.0000          37.5450         43357006.4702   0.1065          1.1532         
75     22.0000         6.7726          43251527.9195   3.2484          1.1560         
76     7.0000          37.6211         42978141.2193   0.1861          1.1634         
77     23.0000         1.0000          42689728.5778   23.0000         1.1712         
78     15.0000         36.2846         42373795.3091   0.4134          1.1800         
79     21.0000         23.7415         42249220.9581   0.8845          1.1835         
80     17.0000         39.0048         42194915.0966   0.4358          1.1850         
81     32.0000         45.4718         42037042.3047   0.7037          1.1894         
82     31.0000         47.8774         41934121.8939   0.6475          1.1923         
83     2.0000          22.7450         41892926.6912   0.0879          1.1935         
84     11.0000         1.0000          41777582.0328   11.0000         1.1968         
85     28.0000         37.0416         41703997.9279   0.7559          1.1989         
86     28.0000         29.8450         41682513.2439   0.9382          1.1995         
87     2.0000          4.4912          41577398.6473   0.4453          1.2026         
88     14.0000         26.0072         41539247.7882   0.5383          1.2037         
89     23.0000         28.1866         41386387.2295   0.8160          1.2081         
90     20.0000         50.0000         41376714.2466   0.4000          1.2084         
91     9.0000          12.3227         41328685.7995   0.7304          1.2098         
92     4.0000          36.3080         40996853.0306   0.1102          1.2196         
93     28.0000         23.6229         40827052.1870   1.1853          1.2247         
94     25.0000         35.9979         40814212.8370   0.6945          1.2251         
95     3.0000          30.3232         40763268.8774   0.0989          1.2266         
96     36.0000         45.4403         40645016.4303   0.7922          1.2302         
97     27.0000         1.0000          40608000.1540   27.0000         1.2313         
98     34.0000         38.4546         40555247.6141   0.8842          1.2329         
99     9.0000          28.6079         40531767.6468   0.3146          1.2336         
100    28.0000         34.1786         40528460.8253   0.8192          1.2337         
101    35.0000         48.3749         40358321.3449   0.7235          1.2389         
102    4.0000          22.0281         40278336.7695   0.1816          1.2414         
103    20.0000         23.2178         40244348.0415   0.8614          1.2424         
104    8.0000          1.0000          40172756.5742   8.0000          1.2446         
105    6.0000          5.8754          40099034.0357   1.0212          1.2469         
106    13.0000         24.1713         40070847.8684   0.5378          1.2478         
107    30.0000         40.0514         39866688.9456   0.7490          1.2542         
