client data            computing_speed throughput      update_time     upload_time    
0      2.0000          41.9579         49270974.8596   0.0477          1.0148         
1      5.0000          47.5771         50000000.0000   0.1051          1.0000         
2      35.0000         20.3743         50000000.0000   1.7178          1.0000         
3      13.0000         25.6815         50000000.0000   0.5062          1.0000         
4      18.0000         11.1760         50000000.0000   1.6106          1.0000         
5      5.0000          26.5326         50000000.0000   0.1884          1.0000         
6      8.0000          42.7806         50000000.0000   0.1870          1.0000         
7      22.0000         29.9708         50000000.0000   0.7340          1.0000         
8      14.0000         39.3517         50000000.0000   0.3558          1.0000         
9      12.0000         50.0000         50000000.0000   0.2400          1.0000         
10     17.0000         24.6740         50000000.0000   0.6890          1.0000         
11     24.0000         2.3075          50000000.0000   10.4009         1.0000         
12     7.0000          37.7592         50000000.0000   0.1854          1.0000         
13     5.0000          12.0645         50000000.0000   0.4144          1.0000         
14     24.0000         1.8089          50000000.0000   13.2676         1.0000         
15     26.0000         13.2892         50000000.0000   1.9565          1.0000         
16     30.0000         37.4534         50000000.0000   0.8010          1.0000         
17     33.0000         26.9170         50000000.0000   1.2260          1.0000         
18     21.0000         29.7199         50000000.0000   0.7066          1.0000         
19     27.0000         39.1721         50000000.0000   0.6893          1.0000         
20     29.0000         9.1133          50000000.0000   3.1822          1.0000         
21     12.0000         43.2244         50000000.0000   0.2776          1.0000         
22     10.0000         8.0525          50000000.0000   1.2418          1.0000         
23     34.0000         24.0268         50000000.0000   1.4151          1.0000         
24     36.0000         34.8621         50000000.0000   1.0326          1.0000         
25     19.0000         8.2889          50000000.0000   2.2922          1.0000         
26     35.0000         18.6165         49141268.4661   1.8801          1.0175         
27     5.0000          15.9997         48882101.0373   0.3125          1.0229         
28     20.0000         29.0790         48733869.3982   0.6878          1.0260         
29     4.0000          5.6833          48476463.0450   0.7038          1.0314         
30     18.0000         39.2769         48370348.5568   0.4583          1.0337         
31     17.0000         7.1563          48291406.2071   2.3755          1.0354         
32     7.0000          34.4420         48178968.5206   0.2032          1.0378         
33     24.0000         38.8564         48011031.6809   0.6177          1.0414         
34     25.0000         36.5168         48010282.6811   0.6846          1.0414         
35     6.0000          4.0135          47967683.1908   1.4950          1.0424         
36     16.0000         36.8830         47949265.8211   0.4338          1.0428         
37     19.0000         43.8925         47693789.4386   0.4329          1.0484         
38     18.0000         1.0000          47113393.3417   18.0000         1.0613         
39     14.0000         1.0000          46959896.5249   14.0000         1.0647         
40     30.0000         2.5339          46938670.4408   11.8396         1.0652         
41     4.0000          36.7377         46682964.6703   0.1089          1.0711         
42     21.0000         41.6250         46666007.7502   0.5045          1.0714         
43     2.0000          25.0373         46510717.1541   0.0799          1.0750         
44     35.0000         44.4624         46497104.6105   0.7872          1.0753         
45     1.0000          39.7959         46471147.6792   0.0251          1.0759         
46     1.0000          44.5094         46373373.3306   0.0225          1.0782         
47     10.0000         17.1088         46191321.4398   0.5845          1.0825         
48     2.0000          29.8588         45959947.3348   0.0670          1.0879         
49     19.0000         18.1406         45775963.0076   1.0474          1.0923         
50     36.0000         32.1979         45729538.1424   1.1181          1.0934         
51     24.0000         25.9167         45640318.1713   0.9260          1.0955         
52     19.0000         45.2634         45487950.4873   0.4198          1.0992         
53     32.0000         29.8236         45467763.1134   1.0730          1.0997         
54     10.0000         7.9524          45119112.6265   1.2575          1.1082         
55     15.0000         2.9011          44786815.4312   5.1704          1.1164         
56     4.0000          12.2007         44674395.5380   0.3279          1.1192         
57     35.0000         22.6626         44574556.9210   1.5444          1.1217         
58     32.0000         26.0927         44569027.1165   1.2264          1.1219         
59     16.0000         41.6075         44519818.7306   0.3845          1.1231         
60     33.0000         33.2066         44501827.5851   0.9938          1.1235         
61     27.0000         45.9894         44194223.4272   0.5871          1.1314         
62     34.0000         48.8661         44191695.0688   0.6958          1.1314         
63     1.0000          23.7885         44102885.4149   0.0420          1.1337         
64     7.0000          30.1408         44078202.8844   0.2322          1.1343         
65     20.0000         5.3768          43921947.9804   3.7197          1.1384         
66     6.0000          26.3063         43853851.9962   0.2281          1.1402         
67     1.0000          41.8181         43408570.2625   0.0239          1.1518         
68     16.0000         19.5458         43345889.3546   0.8186          1.1535         
69     33.0000         33.1799         42970636.1714   0.9946          1.1636         
70     30.0000         21.2733         42823466.6858   1.4102          1.1676         
71     9.0000          6.5441          42729065.7344   1.3753          1.1702         
72     25.0000         42.7850         42560536.4237   0.5843          1.1748         
73     24.0000         15.1907         42481890.2772   1.5799          1.1770         
74     4.0000          50.0000         42378571.4909   0.0800          1.1798         
75     22.0000         23.9947         42161523.6436   0.9169          1.1859         
76     1.0000          37.0368         41861681.7259   0.0270          1.1944         
77     12.0000         32.9148         41837851.5738   0.3646          1.1951         
78     23.0000         42.5902         41827226.6326   0.5400          1.1954         
79     20.0000         28.4606         41809172.1705   0.7027          1.1959         
80     36.0000         1.0000          41396872.6500   36.0000         1.2078         
81     9.0000          29.7357         41191179.3937   0.3027          1.2139         
82     3.0000          37.9636         41026918.9885   0.0790          1.2187         
83     32.0000         49.3580         40996640.1373   0.6483          1.2196         
84     30.0000         23.3820         40813286.5917   1.2830          1.2251         
85     20.0000         43.6707         40794772.8066   0.4580          1.2256         
86     2.0000          18.9193         40762756.3300   0.1057          1.2266         
87     32.0000         34.3847         40546099.9456   0.9306          1.2332         
88     9.0000          35.6581         40513302.5024   0.2524          1.2342         
89     12.0000         1.0000          40497919.3030   12.0000         1.2346         
90     20.0000         11.0381         40485674.6308   1.8119          1.2350         
91     6.0000          50.0000         40239571.7788   0.1200          1.2426         
92     4.0000          41.8213         40227715.3822   0.0956          1.2429         
93     30.0000         42.5467         40217438.0881   0.7051          1.2432         
94     35.0000         24.4272         40178529.1003   1.4328          1.2444         
95     7.0000          49.2354         40174345.5081   0.1422          1.2446         
96     27.0000         4.2406          40075526.0944   6.3670          1.2476         
97     27.0000         31.9931         40045459.5536   0.8439          1.2486         
98     17.0000         38.4425         40015442.3254   0.4422          1.2495         
99     19.0000         2.1134          39993602.2032   8.9902          1.2502         
100    11.0000         1.0000          39939394.6577   11.0000         1.2519         
101    28.0000         2.3537          39912496.2336   11.8964         1.2527         
102    17.0000         32.6765         39877772.1764   0.5203          1.2538         
103    29.0000         1.0000          39801849.5415   29.0000         1.2562         
104    34.0000         1.0000          39781579.2027   34.0000         1.2569         
105    23.0000         15.8951         39601198.5836   1.4470          1.2626         
106    1.0000          1.0000          39494217.4455   1.0000          1.2660         
