client data            computing_speed throughput      update_time     upload_time    
0      3.0000          32.6542         50000000.0000   0.0919          1.0000         
1      13.0000         32.1139         50000000.0000   0.4048          1.0000         
2      26.0000         19.5678         50000000.0000   1.3287          1.0000         
3      28.0000         26.6780         50000000.0000   1.0496          1.0000         
4      7.0000          25.7473         50000000.0000   0.2719          1.0000         
5      35.0000         45.0357         50000000.0000   0.7772          1.0000         
6      26.0000         49.1661         50000000.0000   0.5288          1.0000         
7      10.0000         18.9389         50000000.0000   0.5280          1.0000         
8      5.0000          9.5187          50000000.0000   0.5253          1.0000         
9      24.0000         50.0000         50000000.0000   0.4800          1.0000         
10     16.0000         13.8912         50000000.0000   1.1518          1.0000         
11     10.0000         37.8245         50000000.0000   0.2644          1.0000         
12     31.0000         33.8352         50000000.0000   0.9162          1.0000         
13     14.0000         48.3016         50000000.0000   0.2898          1.0000         
14     16.0000         22.4333         50000000.0000   0.7132          1.0000         
15     23.0000         6.5068          50000000.0000   3.5348          1.0000         
16     31.0000         35.3756         50000000.0000   0.8763          1.0000         
17     25.0000         9.3947          50000000.0000   2.6611          1.0000         
18     4.0000          43.0233         50000000.0000   0.0930          1.0000         
19     7.0000          50.0000         50000000.0000   0.1400          1.0000         
20     24.0000         12.9101         50000000.0000   1.8590          1.0000         
21     31.0000         50.0000         50000000.0000   0.6200          1.0000         
22     2.0000          12.0495         50000000.0000   0.1660          1.0000         
23     22.0000         32.9516         50000000.0000   0.6676          1.0000         
24     15.0000         46.0717         50000000.0000   0.3256          1.0000         
25     16.0000         32.9882         50000000.0000   0.4850          1.0000         
26     19.0000         37.1125         50000000.0000   0.5120          1.0000         
27     25.0000         21.2134         50000000.0000   1.1785          1.0000         
28     22.0000         32.7386         50000000.0000   0.6720          1.0000         
29     24.0000         33.0790         50000000.0000   0.7255          1.0000         
30     12.0000         20.8102         50000000.0000   0.5766          1.0000         
31     30.0000         42.9002         50000000.0000   0.6993          1.0000         
32     29.0000         1.0000          50000000.0000   29.0000         1.0000         
33     4.0000          9.2787          49700173.5955   0.4311          1.0060         
34     12.0000         31.3380         49666996.9114   0.3829          1.0067         
35     17.0000         39.4466         49517450.3350   0.4310          1.0097         
36     20.0000         25.7369         49260531.0613   0.7771          1.0150         
37     9.0000          1.0000          48925857.5868   9.0000          1.0220         
38     8.0000          28.8304         48684357.9678   0.2775          1.0270         
39     34.0000         8.1806          48356693.6947   4.1562          1.0340         
40     14.0000         49.4751         48309025.9726   0.2830          1.0350         
41     19.0000         24.0862         48181573.0796   0.7888          1.0377         
42     22.0000         14.2629         47936183.7759   1.5425          1.0431         
43     12.0000         38.9082         47791914.1388   0.3084          1.0462         
44     6.0000          20.1461         47235964.0066   0.2978          1.0585         
45     33.0000         17.8412         46962347.4901   1.8497          1.0647         
46     16.0000         30.8392         46882172.2147   0.5188          1.0665         
47     27.0000         32.0807         46611362.2224   0.8416          1.0727         
48     8.0000          39.1856         46135967.4182   0.2042          1.0838         
49     23.0000         11.1490         46107810.0075   2.0630          1.0844         
50     31.0000         20.7679         45962803.8392   1.4927          1.0878         
51     10.0000         21.0852         45814578.3432   0.4743          1.0914         
52     33.0000         41.1077         45704131.0709   0.8028          1.0940         
53     12.0000         13.7161         45681658.6813   0.8749          1.0945         
54     18.0000         37.4790         45599620.5218   0.4803          1.0965         
55     7.0000          24.2942         45530106.1562   0.2881          1.0982         
56     5.0000          24.6133         45475869.6723   0.2031          1.0995         
57     35.0000         25.8410         45318459.9115   1.3544          1.1033         
58     5.0000          10.7351         45267040.5278   0.4658          1.1046         
59     8.0000          33.8739         45094378.5921   0.2362          1.1088         
60     33.0000         7.3521          45070453.2204   4.4885          1.1094         
61     11.0000         2.7036          44998509.9341   4.0686          1.1111         
62     35.0000         3.2482          44987530.2786   10.7753         1.1114         
63     29.0000         26.9184         44970436.8520   1.0773          1.1118         
64     4.0000          7.5644          44786908.5302   0.5288          1.1164         
65     25.0000         50.0000         44775773.9426   0.5000          1.1167         
66     6.0000          40.1823         44709599.5837   0.1493          1.1183         
67     34.0000         19.0940         44686419.3115   1.7807          1.1189         
68     26.0000         30.4731         44561054.9074   0.8532          1.1221         
69     2.0000          6.7397          44542773.9533   0.2967          1.1225         
70     18.0000         21.0278         44014176.4511   0.8560          1.1360         
71     7.0000          2.6822          43893143.9331   2.6098          1.1391         
72     31.0000         33.7553         43558221.0411   0.9184          1.1479         
73     4.0000          1.0000          43420247.9190   4.0000          1.1515         
74     31.0000         13.7371         43151247.0583   2.2567          1.1587         
75     7.0000          14.6448         42991651.0721   0.4780          1.1630         
76     16.0000         27.2038         42888656.1942   0.5882          1.1658         
77     17.0000         27.5838         42839942.0805   0.6163          1.1671         
78     20.0000         27.5906         42781986.5615   0.7249          1.1687         
79     18.0000         28.7133         42655546.6537   0.6269          1.1722         
80     17.0000         13.2665         42635021.2302   1.2814          1.1727         
81     20.0000         28.6049         42633239.2205   0.6992          1.1728         
82     18.0000         50.0000         42623004.2422   0.3600          1.1731         
83     34.0000         16.2355         42226242.0037   2.0942          1.1841         
84     18.0000         24.4600         42202977.7407   0.7359          1.1848         
85     28.0000         37.3254         42026108.0495   0.7502          1.1897         
86     20.0000         41.7998         41997297.5150   0.4785          1.1906         
87     34.0000         1.9236          41919539.6429   17.6748         1.1928         
88     29.0000         29.1239         41896128.0449   0.9957          1.1934         
89     10.0000         4.3446          41857206.3765   2.3017          1.1945         
90     4.0000          1.0000          41829077.1421   4.0000          1.1953         
91     34.0000         1.0000          41756951.3717   34.0000         1.1974         
92     13.0000         14.4485         41672753.5731   0.8997          1.1998         
93     25.0000         21.9548         41538029.3473   1.1387          1.2037         
94     11.0000         20.4563         41472821.4682   0.5377          1.2056         
95     17.0000         31.2670         41449726.0466   0.5437          1.2063         
96     22.0000         15.6291         41292344.7767   1.4076          1.2109         
97     34.0000         21.8350         41255735.5211   1.5571          1.2120         
98     26.0000         48.2761         41208002.6418   0.5386          1.2134         
99     29.0000         29.0478         41063272.5627   0.9984          1.2176         
100    31.0000         33.5938         41034100.4311   0.9228          1.2185         
101    5.0000          43.9761         41018827.1496   0.1137          1.2190         
102    24.0000         35.7695         40965832.2145   0.6710          1.2205         
103    31.0000         37.7043         40734817.9711   0.8222          1.2275         
104    5.0000          10.5975         40619577.9543   0.4718          1.2309         
105    14.0000         22.5237         40602408.0477   0.6216          1.2315         
106    26.0000         21.9383         40509641.7177   1.1851          1.2343         
107    35.0000         23.6704         40427457.9274   1.4786          1.2368         
108    12.0000         14.2767         40224398.4027   0.8405          1.2430         
