client data            computing_speed throughput      update_time     upload_time    
0      2.0000          40.1276         50000000.0000   0.0498          1.0000         
1      12.0000         14.0391         50000000.0000   0.8548          1.0000         
2      8.0000          3.9865          50000000.0000   2.0068          1.0000         
3      12.0000         33.7490         50000000.0000   0.3556          1.0000         
4      12.0000         12.0840         50000000.0000   0.9930          1.0000         
5      7.0000          1.7053          50000000.0000   4.1049          1.0000         
6      23.0000         13.8044         50000000.0000   1.6661          1.0000         
7      26.0000         38.3235         50000000.0000   0.6784          1.0000         
8      24.0000         3.3555          50000000.0000   7.1525          1.0000         
9      36.0000         44.9162         50000000.0000   0.8015          1.0000         
10     18.0000         20.6566         50000000.0000   0.8714          1.0000         
11     5.0000          1.0000          50000000.0000   5.0000          1.0000         
12     18.0000         9.2563          50000000.0000   1.9446          1.0000         
13     2.0000          2.4489          50000000.0000   0.8167          1.0000         
14     16.0000         22.2910         50000000.0000   0.7178          1.0000         
15     23.0000         40.3485         50000000.0000   0.5700          1.0000         
16     35.0000         24.0963         50000000.0000   1.4525          1.0000         
17     23.0000         1.4142          50000000.0000   16.2635         1.0000         
18     31.0000         5.6236          50000000.0000   5.5125          1.0000         
19     19.0000         1.0000          50000000.0000   19.0000         1.0000         
20     25.0000         4.6803          50000000.0000   5.3416          1.0000         
21     16.0000         24.7643         50000000.0000   0.6461          1.0000         
22     8.0000          50.0000         50000000.0000   0.1600          1.0000         
23     26.0000         31.7712         50000000.0000   0.8184          1.0000         
24     12.0000         8.1628          50000000.0000   1.4701          1.0000         
25     16.0000         35.3752         50000000.0000   0.4523          1.0000         
26     4.0000          24.9018         50000000.0000   0.1606          1.0000         
27     7.0000          36.2360         50000000.0000   0.1932          1.0000         
28     9.0000          33.7226         50000000.0000   0.2669          1.0000         
29     16.0000         31.4274         50000000.0000   0.5091          1.0000         
30     5.0000          6.9218          49907145.2317   0.7224          1.0019         
31     4.0000          38.6147         49818961.8643   0.1036          1.0036         
32     6.0000          16.3636         49728732.1654   0.3667          1.0055         
33     25.0000         21.1935         49606586.6556   1.1796          1.0079         
34     34.0000         1.0000          50000000.0000   34.0000         1.0000         
35     11.0000         21.0979         49359902.6950   0.5214          1.0130         
36     11.0000         39.4299         48876844.0175   0.2790          1.0230         
37     17.0000         21.9053         48769928.3121   0.7761          1.0252         
38     5.0000          43.2938         48568273.3896   0.1155          1.0295         
39     14.0000         22.3970         48511155.0820   0.6251          1.0307         
40     35.0000         50.0000         47990221.0891   0.7000          1.0419         
41     18.0000         10.7339         47987404.4296   1.6769          1.0419         
42     7.0000          29.4841         47767507.0102   0.2374          1.0467         
43     11.0000         22.9685         47687422.8755   0.4789          1.0485         
44     14.0000         37.0784         47668838.5479   0.3776          1.0489         
45     13.0000         40.0811         47665450.7180   0.3243          1.0490         
46     9.0000          1.0000          47641450.0402   9.0000          1.0495         
47     34.0000         36.4971         47520213.9279   0.9316          1.0522         
48     33.0000         1.0000          47349332.1856   33.0000         1.0560         
49     15.0000         50.0000         47327128.2217   0.3000          1.0565         
50     34.0000         32.4287         47264713.6838   1.0485          1.0579         
51     24.0000         45.3748         47101789.0564   0.5289          1.0615         
52     21.0000         39.6955         46962506.4571   0.5290          1.0647         
53     14.0000         47.3795         46956601.5368   0.2955          1.0648         
54     36.0000         30.4780         46779626.2107   1.1812          1.0688         
55     32.0000         39.3148         46633116.5030   0.8139          1.0722         
56     8.0000          19.3412         46398770.6524   0.4136          1.0776         
57     30.0000         11.7690         46347347.3624   2.5491          1.0788         
58     1.0000          4.4803          46338238.7991   0.2232          1.0790         
59     3.0000          27.7775         46207777.3829   0.1080          1.0821         
60     20.0000         38.8586         46008886.8257   0.5147          1.0867         
61     5.0000          28.3850         45856197.7579   0.1761          1.0904         
62     33.0000         41.1340         45789204.3439   0.8023          1.0920         
63     26.0000         22.0367         45456887.7884   1.1799          1.0999         
64     12.0000         17.2048         45321915.7319   0.6975          1.1032         
65     13.0000         14.4626         45229888.3490   0.8989          1.1055         
66     6.0000          11.4969         45039630.6879   0.5219          1.1101         
67     7.0000          26.8487         44965825.7611   0.2607          1.1120         
68     11.0000         39.1630         44953066.3233   0.2809          1.1123         
69     23.0000         1.7856          44866484.3971   12.8806         1.1144         
70     32.0000         44.5149         44603016.4315   0.7189          1.1210         
71     17.0000         6.5189          44373479.5691   2.6078          1.1268         
72     7.0000          41.7072         44367245.5323   0.1678          1.1270         
73     28.0000         49.0486         44354061.0738   0.5709          1.1273         
74     22.0000         42.1119         44285856.9010   0.5224          1.1290         
75     15.0000         27.2958         44149820.8336   0.5495          1.1325         
76     12.0000         7.6466          44083313.2005   1.5693          1.1342         
77     3.0000          32.1242         44061120.7782   0.0934          1.1348         
78     25.0000         22.4744         44046549.9778   1.1124          1.1352         
79     14.0000         8.9722          43932471.6617   1.5604          1.1381         
80     5.0000          35.4219         43902219.8372   0.1412          1.1389         
81     12.0000         38.9439         43710578.9024   0.3081          1.1439         
82     1.0000          20.9775         43464004.9557   0.0477          1.1504         
83     7.0000          41.0569         43382578.6662   0.1705          1.1525         
84     7.0000          6.8436          43174818.1418   1.0229          1.1581         
85     34.0000         26.6138         43156326.1740   1.2775          1.1586         
86     2.0000          9.1267          42902697.3014   0.2191          1.1654         
87     26.0000         32.6728         42700494.6678   0.7958          1.1709         
88     11.0000         17.5353         42655150.5239   0.6273          1.1722         
89     32.0000         44.6342         42516768.9924   0.7169          1.1760         
90     20.0000         50.0000         42505401.9789   0.4000          1.1763         
91     8.0000          13.0709         42321849.8767   0.6120          1.1814         
92     11.0000         1.0000          42288768.9131   11.0000         1.1823         
93     11.0000         24.7461         42157421.9997   0.4445          1.1860         
94     10.0000         9.0831          42094877.2253   1.1009          1.1878         
95     2.0000          2.5125          42067514.6845   0.7960          1.1886         
96     19.0000         10.6372         41986696.9751   1.7862          1.1909         
97     6.0000          43.5145         41951414.2667   0.1379          1.1919         
98     30.0000         22.6791         41559596.6458   1.3228          1.2031         
99     26.0000         40.7298         41517654.9864   0.6384          1.2043         
100    16.0000         21.0946         41443567.8004   0.7585          1.2065         
101    23.0000         38.1264         41392830.6660   0.6033          1.2079         
102    5.0000          25.8441         41380884.7816   0.1935          1.2083         
103    16.0000         1.0000          40940552.0852   16.0000         1.2213         
104    24.0000         19.8474         40918222.6711   1.2092          1.2219         
105    31.0000         8.3197          40890575.1127   3.7261          1.2228         
106    13.0000         1.9054          40533854.9555   6.8229          1.2335         
107    11.0000         27.3914         40418103.5566   0.4016          1.2371         
108    33.0000         10.0983         40400752.9620   3.2679          1.2376         
109    28.0000         1.2268          40308841.1947   22.8227         1.2404         
