client data            computing_speed throughput      update_time     upload_time    
0      1.0000          39.0461         50000000.0000   0.0256          1.0000         
1      17.0000         49.6484         50000000.0000   0.3424          1.0000         
2      36.0000         21.1998         50000000.0000   1.6981          1.0000         
3      23.0000         9.8946          50000000.0000   2.3245          1.0000         
4      11.0000         9.2364          50000000.0000   1.1909          1.0000         
5      32.0000         27.1771         50000000.0000   1.1775          1.0000         
6      12.0000         26.7348         50000000.0000   0.4489          1.0000         
7      8.0000          41.8601         50000000.0000   0.1911          1.0000         
8      25.0000         41.4865         50000000.0000   0.6026          1.0000         
9      13.0000         44.9170         50000000.0000   0.2894          1.0000         
10     7.0000          35.0204         50000000.0000   0.1999          1.0000         
11     5.0000          1.9294          50000000.0000   2.5915          1.0000         
12     35.0000         16.7605         50000000.0000   2.0882          1.0000         
13     4.0000          33.6392         50000000.0000   0.1189          1.0000         
14     17.0000         26.6153         50000000.0000   0.6387          1.0000         
15     31.0000         22.4011         50000000.0000   1.3839          1.0000         
16     32.0000         6.1525          50000000.0000   5.2011          1.0000         
17     18.0000         1.0949          50000000.0000   16.4394         1.0000         
18     9.0000          18.3194         50000000.0000   0.4913          1.0000         
19     13.0000         22.5791         50000000.0000   0.5758          1.0000         
20     20.0000         1.0213          50000000.0000   19.5821         1.0000         
21     12.0000         3.6815          50000000.0000   3.2595          1.0000         
22     9.0000          42.2925         50000000.0000   0.2128          1.0000         
23     36.0000         38.4717         50000000.0000   0.9358          1.0000         
24     8.0000          8.7252          50000000.0000   0.9169          1.0000         
25     31.0000         23.4726         50000000.0000   1.3207          1.0000         
26     19.0000         1.0000          50000000.0000   19.0000         1.0000         
27     29.0000         16.6652         50000000.0000   1.7402          1.0000         
28     33.0000         33.8935         50000000.0000   0.9736          1.0000         
29     7.0000          8.9754          50000000.0000   0.7799          1.0000         
30     11.0000         45.0709         50000000.0000   0.2441          1.0000         
31     24.0000         50.0000         50000000.0000   0.4800          1.0000         
32     28.0000         31.9517         50000000.0000   0.8763          1.0000         
33     2.0000          10.1179         50000000.0000   0.1977          1.0000         
34     5.0000          28.5032         50000000.0000   0.1754          1.0000         
35     16.0000         50.0000         50000000.0000   0.3200          1.0000         
36     5.0000          40.8201         50000000.0000   0.1225          1.0000         
37     20.0000         35.9120         50000000.0000   0.5569          1.0000         
38     33.0000         23.1627         50000000.0000   1.4247          1.0000         
39     21.0000         50.0000         50000000.0000   0.4200          1.0000         
40     32.0000         9.5330          50000000.0000   3.3568          1.0000         
41     24.0000         35.0469         50000000.0000   0.6848          1.0000         
42     33.0000         5.5241          50000000.0000   5.9739          1.0000         
43     6.0000          35.7811         50000000.0000   0.1677          1.0000         
44     11.0000         19.7169         50000000.0000   0.5579          1.0000         
45     32.0000         25.7932         50000000.0000   1.2406          1.0000         
46     19.0000         6.1824          50000000.0000   3.0733          1.0000         
47     30.0000         16.5232         50000000.0000   1.8156          1.0000         
48     31.0000         2.7564          50000000.0000   11.2466         1.0000         
49     19.0000         10.1903         50000000.0000   1.8645          1.0000         
50     34.0000         29.4386         50000000.0000   1.1549          1.0000         
51     28.0000         16.9422         49999263.8225   1.6527          1.0000         
52     16.0000         50.0000         49834494.0478   0.3200          1.0033         
53     12.0000         17.2574         49726774.2037   0.6954          1.0055         
54     26.0000         36.7510         49663756.0818   0.7075          1.0068         
55     31.0000         32.4936         49648372.3190   0.9540          1.0071         
56     15.0000         1.0000          49615381.6462   15.0000         1.0078         
57     25.0000         50.0000         49521076.1935   0.5000          1.0097         
58     32.0000         15.5296         49484952.9165   2.0606          1.0104         
59     23.0000         16.1226         49278165.9983   1.4266          1.0146         
60     36.0000         10.1846         49180808.6882   3.5348          1.0167         
61     5.0000          28.1408         49060094.2038   0.1777          1.0192         
62     30.0000         21.6877         48931214.9968   1.3833          1.0218         
63     5.0000          38.4420         48700882.5126   0.1301          1.0267         
64     32.0000         49.7924         48653000.4048   0.6427          1.0277         
65     16.0000         38.7320         48369105.7713   0.4131          1.0337         
66     6.0000          43.2381         48281362.0438   0.1388          1.0356         
67     2.0000          15.1523         48281207.9247   0.1320          1.0356         
68     32.0000         22.0587         48179583.3907   1.4507          1.0378         
69     36.0000         27.7321         48102009.4269   1.2981          1.0395         
70     3.0000          4.0787          47871976.6157   0.7355          1.0445         
71     11.0000         17.1357         47827582.6872   0.6419          1.0454         
72     14.0000         38.5938         47680514.8435   0.3628          1.0486         
73     14.0000         15.8164         47477124.1241   0.8852          1.0531         
74     4.0000          16.9056         47460894.2100   0.2366          1.0535         
75     21.0000         46.8202         47332921.3081   0.4485          1.0563         
76     13.0000         1.0000          47183623.1459   13.0000         1.0597         
77     34.0000         39.7748         47038555.8906   0.8548          1.0630         
78     21.0000         50.0000         46862243.0227   0.4200          1.0670         
79     13.0000         29.1165         46805831.0649   0.4465          1.0682         
80     18.0000         14.7467         46703650.5007   1.2206          1.0706         
81     23.0000         1.0000          46658562.2801   23.0000         1.0716         
82     34.0000         21.9474         46369894.6954   1.5492          1.0783         
83     24.0000         50.0000         46303092.5777   0.4800          1.0798         
84     20.0000         50.0000         46167781.0136   0.4000          1.0830         
85     6.0000          49.4962         45580943.2831   0.1212          1.0969         
86     16.0000         11.1760         45559050.7394   1.4316          1.0975         
87     6.0000          8.8801          45338722.8841   0.6757          1.1028         
88     25.0000         38.7731         45283221.9750   0.6448          1.1042         
89     2.0000          1.0000          45119781.1652   2.0000          1.1082         
90     4.0000          11.2232         45013479.3422   0.3564          1.1108         
91     6.0000          1.0000          45012291.7291   6.0000          1.1108         
92     18.0000         1.7747          44807292.5790   10.1426         1.1159         
93     4.0000          30.0366         44779764.9710   0.1332          1.1166         
94     36.0000         29.3480         44765314.5528   1.2267          1.1169         
95     27.0000         28.9577         44537591.3219   0.9324          1.1226         
96     11.0000         2.2828          44438598.0651   4.8187          1.1251         
97     25.0000         26.4787         44409826.2145   0.9442          1.1259         
98     20.0000         47.3777         44335614.2788   0.4221          1.1278         
99     21.0000         10.8452         44141445.9841   1.9363          1.1327         
100    35.0000         39.7784         44127911.6074   0.8799          1.1331         
101    10.0000         50.0000         44065915.1630   0.2000          1.1347         
102    3.0000          41.4734         43941511.7347   0.0723          1.1379         
103    23.0000         50.0000         43905374.8134   0.4600          1.1388         
104    12.0000         44.7367         43848575.9576   0.2682          1.1403         
105    14.0000         31.7940         43829200.8385   0.4403          1.1408         
106    15.0000         30.2616         43571421.3007   0.4957          1.1475         
107    34.0000         8.4511          43397889.2337   4.0232          1.1521         
108    4.0000          2.2550          43389486.2814   1.7738          1.1524         
109    13.0000         10.7369         43247921.2240   1.2108          1.1561         
110    8.0000          50.0000         43206903.2357   0.1600          1.1572         
111    21.0000         39.8800         43064811.9626   0.5266          1.1610         
112    4.0000          10.5804         43015252.0676   0.3781          1.1624         
113    22.0000         49.8095         42978076.3750   0.4417          1.1634         
