client data            computing_speed throughput      update_time     upload_time    
0      1.0000          50.0000         50000000.0000   0.0200          1.0000         
1      26.0000         50.0000         50000000.0000   0.5200          1.0000         
2      36.0000         41.9250         50000000.0000   0.8587          1.0000         
3      3.0000          45.4609         50000000.0000   0.0660          1.0000         
4      25.0000         41.4310         50000000.0000   0.6034          1.0000         
5      3.0000          21.8230         50000000.0000   0.1375          1.0000         
6      25.0000         20.5608         50000000.0000   1.2159          1.0000         
7      32.0000         20.2788         50000000.0000   1.5780          1.0000         
8      5.0000          50.0000         50000000.0000   0.1000          1.0000         
9      22.0000         31.7829         50000000.0000   0.6922          1.0000         
10     10.0000         1.0000          50000000.0000   10.0000         1.0000         
11     32.0000         50.0000         50000000.0000   0.6400          1.0000         
12     12.0000         5.9489          50000000.0000   2.0172          1.0000         
13     16.0000         21.8797         50000000.0000   0.7313          1.0000         
14     35.0000         31.5744         50000000.0000   1.1085          1.0000         
15     26.0000         27.4682         50000000.0000   0.9466          1.0000         
16     22.0000         50.0000         50000000.0000   0.4400          1.0000         
17     33.0000         4.9293          50000000.0000   6.6947          1.0000         
18     18.0000         1.0000          50000000.0000   18.0000         1.0000         
19     13.0000         2.1331          50000000.0000   6.0945          1.0000         
20     8.0000          1.0000          50000000.0000   8.0000          1.0000         
21     11.0000         50.0000         50000000.0000   0.2200          1.0000         
22     22.0000         1.0000          50000000.0000   22.0000         1.0000         
23     19.0000         43.0354         50000000.0000   0.4415          1.0000         
24     9.0000          1.0000          50000000.0000   9.0000          1.0000         
25     25.0000         1.0000          50000000.0000   25.0000         1.0000         
26     18.0000         50.0000         50000000.0000   0.3600          1.0000         
27     8.0000          12.1559         50000000.0000   0.6581          1.0000         
28     20.0000         17.9945         50000000.0000   1.1114          1.0000         
29     26.0000         50.0000         50000000.0000   0.5200          1.0000         
30     30.0000         3.9395          50000000.0000   7.6152          1.0000         
31     20.0000         36.3973         50000000.0000   0.5495          1.0000         
32     3.0000          46.4293         50000000.0000   0.0646          1.0000         
33     2.0000          1.0000          50000000.0000   2.0000          1.0000         
34     33.0000         39.7903         50000000.0000   0.8293          1.0000         
35     27.0000         1.0000          50000000.0000   27.0000         1.0000         
36     3.0000          1.0000          50000000.0000   3.0000          1.0000         
37     26.0000         50.0000         50000000.0000   0.5200          1.0000         
38     24.0000         17.6934         50000000.0000   1.3564          1.0000         
39     21.0000         50.0000         50000000.0000   0.4200          1.0000         
40     11.0000         50.0000         50000000.0000   0.2200          1.0000         
41     11.0000         24.9345         50000000.0000   0.4412          1.0000         
42     11.0000         1.3846          50000000.0000   7.9444          1.0000         
43     2.0000          50.0000         50000000.0000   0.0400          1.0000         
44     20.0000         41.4882         50000000.0000   0.4821          1.0000         
45     6.0000          50.0000         50000000.0000   0.1200          1.0000         
46     9.0000          44.8874         50000000.0000   0.2005          1.0000         
47     36.0000         40.1741         50000000.0000   0.8961          1.0000         
48     35.0000         6.5376          50000000.0000   5.3536          1.0000         
49     7.0000          49.6818         50000000.0000   0.1409          1.0000         
50     5.0000          1.0000          50000000.0000   5.0000          1.0000         
51     4.0000          34.2954         50000000.0000   0.1166          1.0000         
52     16.0000         1.0000          50000000.0000   16.0000         1.0000         
53     27.0000         36.0698         50000000.0000   0.7485          1.0000         
54     35.0000         41.1570         50000000.0000   0.8504          1.0000         
55     10.0000         1.0000          50000000.0000   10.0000         1.0000         
56     14.0000         20.3076         50000000.0000   0.6894          1.0000         
57     14.0000         33.7435         50000000.0000   0.4149          1.0000         
58     1.0000          4.5648          50000000.0000   0.2191          1.0000         
59     2.0000          31.0073         50000000.0000   0.0645          1.0000         
60     30.0000         50.0000         50000000.0000   0.6000          1.0000         
61     28.0000         50.0000         50000000.0000   0.5600          1.0000         
62     26.0000         22.1920         50000000.0000   1.1716          1.0000         
63     11.0000         50.0000         50000000.0000   0.2200          1.0000         
64     5.0000          1.0000          50000000.0000   5.0000          1.0000         
65     9.0000          44.2603         50000000.0000   0.2033          1.0000         
66     3.0000          1.0000          50000000.0000   3.0000          1.0000         
67     20.0000         31.5972         49931090.3685   0.6330          1.0014         
68     21.0000         47.0177         49649913.3997   0.4466          1.0071         
69     6.0000          50.0000         48892926.3218   0.1200          1.0226         
70     8.0000          38.9269         48685794.0754   0.2055          1.0270         
71     34.0000         1.0000          48666988.9139   34.0000         1.0274         
72     23.0000         15.3592         48527062.5968   1.4975          1.0304         
73     28.0000         13.9345         48506747.8087   2.0094          1.0308         
74     19.0000         19.7451         48263363.4300   0.9623          1.0360         
75     8.0000          36.3782         48185430.5617   0.2199          1.0377         
76     16.0000         14.8647         48150406.3064   1.0764          1.0384         
77     31.0000         50.0000         48015316.5100   0.6200          1.0413         
78     28.0000         24.0795         47803594.4835   1.1628          1.0459         
79     30.0000         4.7855          47461090.4110   6.2689          1.0535         
80     7.0000          28.7206         47425669.9507   0.2437          1.0543         
81     4.0000          50.0000         47395352.8054   0.0800          1.0550         
82     33.0000         1.0000          47368465.3137   33.0000         1.0556         
83     3.0000          36.0556         47301930.9754   0.0832          1.0570         
84     13.0000         1.0000          47098875.6234   13.0000         1.0616         
85     11.0000         47.3068         47049313.5161   0.2325          1.0627         
86     17.0000         1.0000          46984720.8598   17.0000         1.0642         
87     8.0000          35.1972         46976505.2507   0.2273          1.0644         
88     30.0000         4.5060          46891187.0689   6.6577          1.0663         
89     6.0000          24.0952         46877810.5934   0.2490          1.0666         
90     33.0000         1.0000          46766404.5118   33.0000         1.0691         
91     13.0000         50.0000         46623852.6195   0.2600          1.0724         
92     11.0000         38.3712         46422369.9263   0.2867          1.0771         
93     12.0000         20.6292         46405484.8183   0.5817          1.0775         
94     3.0000          38.5901         46323471.6762   0.0777          1.0794         
95     11.0000         1.0000          46223195.8299   11.0000         1.0817         
96     6.0000          34.3751         46209721.2828   0.1745          1.0820         
97     4.0000          1.0000          46088095.2631   4.0000          1.0849         
98     10.0000         27.7543         46023504.4259   0.3603          1.0864         
99     32.0000         50.0000         45986123.2988   0.6400          1.0873         
100    3.0000          5.2054          45971176.4001   0.5763          1.0876         
101    18.0000         1.0000          45912196.0832   18.0000         1.0890         
102    3.0000          50.0000         45878316.3046   0.0600          1.0898         
103    34.0000         2.5524          45825130.7878   13.3207         1.0911         
104    31.0000         38.6985         45808506.6534   0.8011          1.0915         
105    30.0000         1.0000          45699344.6778   30.0000         1.0941         
106    5.0000          1.0000          45573074.1782   5.0000          1.0971         
107    13.0000         37.0081         45248906.8005   0.3513          1.1050         
108    24.0000         50.0000         45144851.4307   0.4800          1.1075         
109    6.0000          1.0000          45138462.9239   6.0000          1.1077         
110    2.0000          3.2441          45097851.5573   0.6165          1.1087         
111    11.0000         26.7372         45041343.2291   0.4114          1.1101         
112    9.0000          24.9099         44970355.5891   0.3613          1.1118         
113    22.0000         1.0000          44930984.1446   22.0000         1.1128         
114    7.0000          17.4881         44695892.5678   0.4003          1.1187         
115    34.0000         50.0000         44614883.9533   0.6800          1.1207         
