client data            computing_speed throughput      update_time     upload_time    
0      1.0000          50.0000         50000000.0000   0.0200          1.0000         
1      6.0000          26.6292         50000000.0000   0.2253          1.0000         
2      7.0000          35.0252         50000000.0000   0.1999          1.0000         
3      29.0000         50.0000         50000000.0000   0.5800          1.0000         
4      9.0000          50.0000         50000000.0000   0.1800          1.0000         
5      28.0000         33.8542         50000000.0000   0.8271          1.0000         
6      25.0000         6.8794          50000000.0000   3.6341          1.0000         
7      21.0000         44.5535         50000000.0000   0.4713          1.0000         
8      16.0000         21.5907         50000000.0000   0.7411          1.0000         
9      7.0000          14.1970         50000000.0000   0.4931          1.0000         
10     34.0000         47.7278         50000000.0000   0.7124          1.0000         
11     31.0000         18.9216         50000000.0000   1.6383          1.0000         
12     11.0000         47.5248         50000000.0000   0.2315          1.0000         
13     17.0000         12.7928         50000000.0000   1.3289          1.0000         
14     6.0000          49.6086         50000000.0000   0.1209          1.0000         
15     24.0000         33.2830         50000000.0000   0.7211          1.0000         
16     33.0000         32.4732         50000000.0000   1.0162          1.0000         
17     28.0000         36.0818         50000000.0000   0.7760          1.0000         
18     5.0000          50.0000         50000000.0000   0.1000          1.0000         
19     32.0000         50.0000         50000000.0000   0.6400          1.0000         
20     34.0000         17.7121         50000000.0000   1.9196          1.0000         
21     34.0000         8.1493          50000000.0000   4.1721          1.0000         
22     24.0000         50.0000         50000000.0000   0.4800          1.0000         
23     12.0000         31.7220         50000000.0000   0.3783          1.0000         
24     32.0000         50.0000         50000000.0000   0.6400          1.0000         
25     25.0000         1.0000          50000000.0000   25.0000         1.0000         
26     26.0000         15.0103         50000000.0000   1.7321          1.0000         
27     4.0000          40.5049         50000000.0000   0.0988          1.0000         
28     5.0000          1.0000          50000000.0000   5.0000          1.0000         
29     26.0000         24.5864         49657063.2065   1.0575          1.0069         
30     25.0000         29.8361         49612917.9757   0.8379          1.0078         
31     24.0000         13.6668         49567638.4830   1.7561          1.0087         
32     32.0000         1.0000          50000000.0000   32.0000         1.0000         
33     25.0000         1.0000          49373330.0392   25.0000         1.0127         
34     22.0000         39.5764         49243908.6264   0.5559          1.0154         
35     1.0000          50.0000         49147783.3668   0.0200          1.0173         
36     22.0000         30.6401         48603497.2886   0.7180          1.0287         
37     20.0000         47.1147         48570049.5732   0.4245          1.0294         
38     14.0000         2.2972          48424717.0599   6.0944          1.0325         
39     30.0000         27.3875         48403787.3408   1.0954          1.0330         
40     23.0000         43.9428         48230231.4645   0.5234          1.0367         
41     22.0000         47.7379         48176899.1368   0.4608          1.0378         
42     31.0000         7.1987          47923730.6530   4.3063          1.0433         
43     11.0000         8.6503          47831858.0165   1.2716          1.0453         
44     28.0000         32.9980         47612220.9618   0.8485          1.0502         
45     32.0000         13.8856         47558993.6875   2.3046          1.0513         
46     17.0000         50.0000         47528384.2546   0.3400          1.0520         
47     8.0000          15.5794         47375712.4410   0.5135          1.0554         
48     18.0000         5.2140          47370429.9239   3.4523          1.0555         
49     8.0000          50.0000         47366159.5480   0.1600          1.0556         
50     18.0000         50.0000         47307328.0796   0.3600          1.0569         
51     33.0000         50.0000         47268679.5984   0.6600          1.0578         
52     16.0000         22.2521         47022822.9875   0.7190          1.0633         
53     26.0000         1.0000          47008210.9234   26.0000         1.0636         
54     24.0000         40.5902         46913490.2527   0.5913          1.0658         
55     33.0000         33.6014         46347616.7264   0.9821          1.0788         
56     34.0000         42.0894         46132697.8505   0.8078          1.0838         
57     25.0000         34.1330         46068670.1702   0.7324          1.0853         
58     28.0000         31.4080         45447202.1348   0.8915          1.1002         
59     11.0000         46.2017         45423328.5879   0.2381          1.1008         
60     17.0000         41.4163         45300823.3860   0.4105          1.1037         
61     19.0000         3.6365          45228043.6450   5.2248          1.1055         
62     4.0000          23.1517         45082225.0604   0.1728          1.1091         
63     20.0000         8.5134          45052382.5784   2.3492          1.1098         
64     4.0000          50.0000         45013927.7762   0.0800          1.1108         
65     16.0000         40.0564         45001143.5963   0.3994          1.1111         
66     30.0000         13.5633         44705986.4666   2.2118          1.1184         
67     10.0000         41.3027         44693501.6850   0.2421          1.1187         
68     29.0000         21.8141         44648929.4068   1.3294          1.1198         
69     12.0000         39.2413         44634994.4555   0.3058          1.1202         
70     16.0000         34.6071         44595004.9055   0.4623          1.1212         
71     6.0000          1.0000          44228370.5934   6.0000          1.1305         
72     34.0000         1.0000          44198420.4300   34.0000         1.1313         
73     31.0000         2.4568          44072032.5712   12.6183         1.1345         
74     20.0000         1.0000          43989748.3409   20.0000         1.1366         
75     23.0000         42.7370         43839337.7300   0.5382          1.1405         
76     2.0000          49.9708         43822684.0758   0.0400          1.1410         
77     22.0000         48.2824         43746765.3261   0.4557          1.1429         
78     10.0000         34.9640         43694368.1716   0.2860          1.1443         
79     28.0000         1.5934          43682901.3065   17.5726         1.1446         
80     21.0000         50.0000         43635690.5982   0.4200          1.1459         
81     8.0000          34.3338         43546043.3135   0.2330          1.1482         
82     14.0000         46.2197         43491196.2708   0.3029          1.1497         
83     11.0000         41.8866         43379773.1158   0.2626          1.1526         
84     30.0000         46.0617         43209492.0924   0.6513          1.1572         
85     23.0000         50.0000         42996239.5281   0.4600          1.1629         
86     13.0000         31.0914         42994982.3447   0.4181          1.1629         
87     26.0000         26.9991         42924720.7814   0.9630          1.1648         
88     25.0000         6.9347          42817280.2917   3.6050          1.1678         
89     13.0000         22.6494         42783206.2682   0.5740          1.1687         
90     15.0000         41.5258         42602592.4423   0.3612          1.1736         
91     34.0000         50.0000         42522634.2589   0.6800          1.1758         
92     22.0000         1.0000          42504677.0233   22.0000         1.1763         
93     29.0000         44.6352         42461094.4869   0.6497          1.1775         
94     9.0000          42.6416         42193855.5849   0.2111          1.1850         
95     17.0000         24.7180         42116284.3102   0.6878          1.1872         
96     18.0000         42.9829         42037807.0704   0.4188          1.1894         
97     17.0000         50.0000         41944605.6124   0.3400          1.1920         
98     3.0000          13.9877         41793991.1527   0.2145          1.1963         
99     15.0000         18.5851         41786644.2008   0.8071          1.1966         
100    8.0000          35.8350         41768032.4034   0.2232          1.1971         
101    23.0000         11.5594         41703746.5538   1.9897          1.1989         
102    5.0000          14.0354         41672169.9888   0.3562          1.1998         
103    13.0000         15.8876         41604832.9037   0.8182          1.2018         
104    30.0000         13.3396         41422205.7445   2.2489          1.2071         
105    8.0000          1.4488          41347391.8654   5.5217          1.2093         
106    22.0000         18.1078         41343725.0960   1.2149          1.2094         
107    3.0000          36.0764         41300594.4103   0.0832          1.2106         
108    23.0000         45.2612         41209052.2392   0.5082          1.2133         
109    5.0000          6.6809          41160447.1393   0.7484          1.2148         
