client data            computing_speed throughput      update_time     upload_time    
0      19.0000         50.0000         50000000.0000   0.3800          1.0000         
1      20.0000         47.7194         49567562.5807   0.4191          1.0087         
2      22.0000         47.7379         48176899.1368   0.4608          1.0378         
3      21.0000         44.5535         50000000.0000   0.4713          1.0000         
4      21.0000         44.0360         50000000.0000   0.4769          1.0000         
5      20.0000         39.4494         49503622.4218   0.5070          1.0100         
6      26.0000         50.0000         50000000.0000   0.5200          1.0000         
7      23.0000         43.9428         48230231.4645   0.5234          1.0367         
8      20.0000         36.0526         50000000.0000   0.5547          1.0000         
9      28.0000         49.1261         48340880.0072   0.5700          1.0343         
10     29.0000         50.0000         50000000.0000   0.5800          1.0000         
11     29.0000         50.0000         49139761.8309   0.5800          1.0175         
12     29.0000         50.0000         42485003.9205   0.5800          1.1769         
13     27.0000         42.8217         42920966.7753   0.6305          1.1649         
14     32.0000         47.9479         35421007.4685   0.6674          1.4116         
15     34.0000         50.0000         33487143.5140   0.6800          1.4931         
16     23.0000         33.6071         50000000.0000   0.6844          1.0000         
17     25.0000         36.2162         49402554.0642   0.6903          1.0121         
18     25.0000         36.1385         42894209.0158   0.6918          1.1657         
19     20.0000         28.8682         46809958.1621   0.6928          1.0681         
20     35.0000         50.0000         43259824.8368   0.7000          1.1558         
21     35.0000         50.0000         41494374.4223   0.7000          1.2050         
22     34.0000         47.9805         50000000.0000   0.7086          1.0000         
23     34.0000         47.8386         50000000.0000   0.7107          1.0000         
24     34.0000         47.7278         50000000.0000   0.7124          1.0000         
25     24.0000         33.2830         50000000.0000   0.7211          1.0000         
26     28.0000         38.6037         46333284.3186   0.7253          1.0791         
27     35.0000         48.1918         46220008.2209   0.7263          1.0818         
28     28.0000         38.2642         37910275.7212   0.7318          1.3189         
29     33.0000         44.2251         41687887.7472   0.7462          1.1994         
30     32.0000         41.8884         39878868.0315   0.7639          1.2538         
31     26.0000         33.5787         39215426.7499   0.7743          1.2750         
32     32.0000         40.9588         35153640.8502   0.7813          1.4223         
33     34.0000         41.9953         49978199.9082   0.8096          1.0004         
34     28.0000         33.8542         50000000.0000   0.8271          1.0000         
35     26.0000         31.2077         46805747.7547   0.8331          1.0682         
36     34.0000         40.4842         37101624.5297   0.8398          1.3476         
37     28.0000         32.9980         47612220.9618   0.8485          1.0502         
38     31.0000         35.8264         47066515.3127   0.8653          1.0623         
39     24.0000         26.9134         48894217.3243   0.8918          1.0226         
40     25.0000         27.6854         50000000.0000   0.9030          1.0000         
41     32.0000         35.0887         50000000.0000   0.9120          1.0000         
42     31.0000         33.7140         50000000.0000   0.9195          1.0000         
43     28.0000         30.0948         50000000.0000   0.9304          1.0000         
44     25.0000         26.1087         43875500.9861   0.9575          1.1396         
45     36.0000         37.3295         36681015.3311   0.9644          1.3631         
46     26.0000         26.6563         44258786.2176   0.9754          1.1297         
47     33.0000         33.6235         39179270.8024   0.9815          1.2762         
48     33.0000         33.6014         46347616.7264   0.9821          1.0788         
49     28.0000         26.8663         40181475.5664   1.0422          1.2444         
50     30.0000         28.2389         36406125.4081   1.0624          1.3734         
51     30.0000         27.6081         40315581.2294   1.0866          1.2402         
52     31.0000         27.8069         50000000.0000   1.1148          1.0000         
53     21.0000         18.6339         49536375.5080   1.1270          1.0094         
54     24.0000         20.9900         48527159.0256   1.1434          1.0304         
55     28.0000         23.6051         37753592.0779   1.1862          1.3244         
56     25.0000         20.9387         50000000.0000   1.1940          1.0000         
57     30.0000         24.9412         40677620.7760   1.2028          1.2292         
58     21.0000         17.4217         50000000.0000   1.2054          1.0000         
59     34.0000         27.9180         34966844.0542   1.2179          1.4299         
60     32.0000         25.7103         33914997.6858   1.2446          1.4743         
61     33.0000         26.0469         48449317.9618   1.2669          1.0320         
62     35.0000         26.6416         50000000.0000   1.3137          1.0000         
63     29.0000         21.8141         44648929.4068   1.3294          1.1198         
64     28.0000         20.8405         45767265.2412   1.3435          1.0925         
65     33.0000         24.5364         49549081.1743   1.3449          1.0091         
66     34.0000         22.2442         42825329.2641   1.5285          1.1675         
67     33.0000         21.3140         36364334.1569   1.5483          1.3750         
68     32.0000         20.5353         50000000.0000   1.5583          1.0000         
69     25.0000         15.0460         44158992.2249   1.6616          1.1323         
70     31.0000         18.5802         38046351.9250   1.6684          1.3142         
71     33.0000         19.7358         50000000.0000   1.6721          1.0000         
72     29.0000         17.3074         38849226.2411   1.6756          1.2870         
73     24.0000         13.6668         49567638.4830   1.7561          1.0087         
74     23.0000         11.3636         43442188.2298   2.0240          1.1510         
75     19.0000         9.0407          48556762.6966   2.1016          1.0297         
76     33.0000         15.4349         35789994.1616   2.1380          1.3970         
77     33.0000         15.2790         33775199.0954   2.1598          1.4804         
78     30.0000         13.5633         44705986.4666   2.2118          1.1184         
79     32.0000         13.4387         46695339.0804   2.3812          1.0708         
80     33.0000         12.7627         39128486.6007   2.5857          1.2778         
81     21.0000         6.9432          50000000.0000   3.0245          1.0000         
82     33.0000         10.8670         38018079.2342   3.0367          1.3152         
83     36.0000         11.6236         42905358.6318   3.0971          1.1654         
84     34.0000         8.1493          50000000.0000   4.1721          1.0000         
85     31.0000         7.1987          47923730.6530   4.3063          1.0433         
86     25.0000         5.1003          50000000.0000   4.9017          1.0000         
87     33.0000         6.4508          39425690.6873   5.1156          1.2682         
88     34.0000         6.3763          39509771.1629   5.3323          1.2655         
89     20.0000         3.4303          50000000.0000   5.8304          1.0000         
90     27.0000         2.3991          50000000.0000   11.2542         1.0000         
91     31.0000         2.3108          50000000.0000   13.4153         1.0000         
92     34.0000         2.1192          42637962.0597   16.0441         1.1727         
93     17.0000         1.0000          50000000.0000   17.0000         1.0000         
94     28.0000         1.5934          43682901.3065   17.5726         1.1446         
95     19.0000         1.0000          50000000.0000   19.0000         1.0000         
96     23.0000         1.0000          42761420.5145   23.0000         1.1693         
97     25.0000         1.0000          50000000.0000   25.0000         1.0000         
98     25.0000         1.0000          49373330.0392   25.0000         1.0127         
99     27.0000         1.0000          46804189.3338   27.0000         1.0683         
100    30.0000         1.0000          46785762.4956   30.0000         1.0687         
101    31.0000         1.0000          50000000.0000   31.0000         1.0000         
102    31.0000         1.0000          43793715.7946   31.0000         1.1417         
103    32.0000         1.0000          40678847.8119   32.0000         1.2291         
104    34.0000         1.0000          44198420.4300   34.0000         1.1313         
105    994.0000        28.8065         33124691.0606   34.5061         1.5094         
