client data            computing_speed throughput      update_time     upload_time    
0      21.0000         50.0000         50000000.0000   0.4200          1.0000         
1      25.0000         50.0000         40699707.4988   0.5000          1.2285         
2      23.0000         44.2262         49495983.7053   0.5201          1.0102         
3      17.0000         30.5665         50000000.0000   0.5562          1.0000         
4      28.0000         50.0000         42971042.0443   0.5600          1.1636         
5      28.0000         50.0000         37365693.2300   0.5600          1.3381         
6      28.0000         49.7440         45618439.6790   0.5629          1.0960         
7      20.0000         33.1796         48400532.4453   0.6028          1.0330         
8      29.0000         47.0452         49360069.7620   0.6164          1.0130         
9      27.0000         42.2567         39359601.7060   0.6390          1.2703         
10     32.0000         50.0000         46234530.1218   0.6400          1.0814         
11     19.0000         28.9652         48510878.3449   0.6560          1.0307         
12     25.0000         37.9977         49294296.2910   0.6579          1.0143         
13     33.0000         50.0000         38344676.8556   0.6600          1.3040         
14     19.0000         28.6243         50000000.0000   0.6638          1.0000         
15     20.0000         29.5243         50000000.0000   0.6774          1.0000         
16     34.0000         50.0000         41807790.1879   0.6800          1.1959         
17     30.0000         42.7464         37165221.7212   0.7018          1.3453         
18     22.0000         30.4387         42769705.6404   0.7228          1.1691         
19     28.0000         38.0098         39159137.5783   0.7367          1.2768         
20     25.0000         32.9887         48842061.2211   0.7578          1.0237         
21     22.0000         28.4595         43277633.5260   0.7730          1.1553         
22     29.0000         37.2500         50000000.0000   0.7785          1.0000         
23     28.0000         35.6658         46032975.1945   0.7851          1.0862         
24     30.0000         37.9348         49341453.4325   0.7908          1.0133         
25     34.0000         42.8976         50000000.0000   0.7926          1.0000         
26     29.0000         35.6196         42413924.5938   0.8142          1.1789         
27     34.0000         41.7020         45755991.9937   0.8153          1.0928         
28     30.0000         36.4050         37802467.2164   0.8241          1.3227         
29     27.0000         32.6148         46388492.8270   0.8278          1.0779         
30     35.0000         41.9857         41649703.2620   0.8336          1.2005         
31     36.0000         41.9868         36344453.7621   0.8574          1.3757         
32     31.0000         36.1381         40171446.5753   0.8578          1.2447         
33     25.0000         28.7596         43395047.8879   0.8693          1.1522         
34     36.0000         40.4360         40560449.5009   0.8903          1.2327         
35     28.0000         31.4274         44847704.1575   0.8909          1.1149         
36     28.0000         31.3478         39686643.9436   0.8932          1.2599         
37     36.0000         39.5366         36401930.4061   0.9105          1.3736         
38     36.0000         38.0620         39559606.0041   0.9458          1.2639         
39     27.0000         28.4246         42933074.2318   0.9499          1.1646         
40     30.0000         30.7439         44364053.0300   0.9758          1.1270         
41     33.0000         33.2571         35312900.6825   0.9923          1.4159         
42     32.0000         32.1473         50000000.0000   0.9954          1.0000         
43     33.0000         33.0409         35804797.3806   0.9988          1.3965         
44     27.0000         26.5002         39047730.6292   1.0189          1.2805         
45     32.0000         31.2851         38808672.5759   1.0229          1.2884         
46     29.0000         28.0011         49381279.6712   1.0357          1.0125         
47     28.0000         26.9893         50000000.0000   1.0374          1.0000         
48     24.0000         22.9066         44336990.0445   1.0477          1.1277         
49     28.0000         26.6324         46946386.7681   1.0513          1.0650         
50     31.0000         29.4640         41137813.0286   1.0521          1.2154         
51     28.0000         26.2837         46850303.3753   1.0653          1.0672         
52     33.0000         30.6197         39699832.9065   1.0777          1.2595         
53     32.0000         29.6019         42122846.3887   1.0810          1.1870         
54     31.0000         28.2711         42046025.5556   1.0965          1.1892         
55     33.0000         29.5557         50000000.0000   1.1165          1.0000         
56     24.0000         21.4781         43477398.5172   1.1174          1.1500         
57     32.0000         28.4886         35618543.8707   1.1233          1.4038         
58     36.0000         31.5933         50000000.0000   1.1395          1.0000         
59     34.0000         29.7377         35923396.9754   1.1433          1.3919         
60     33.0000         28.4350         40397284.4493   1.1605          1.2377         
61     30.0000         25.7347         36537651.8380   1.1657          1.3685         
62     34.0000         27.1012         37938925.6581   1.2546          1.3179         
63     34.0000         25.5391         35086998.8357   1.3313          1.4250         
64     29.0000         21.5436         41306283.8208   1.3461          1.2105         
65     25.0000         18.3930         47755409.6989   1.3592          1.0470         
66     29.0000         20.3824         50000000.0000   1.4228          1.0000         
67     31.0000         21.3337         38003868.2272   1.4531          1.3157         
68     24.0000         16.0688         50000000.0000   1.4936          1.0000         
69     32.0000         21.1159         50000000.0000   1.5154          1.0000         
70     31.0000         19.8208         40411577.2253   1.5640          1.2373         
71     29.0000         17.4866         50000000.0000   1.6584          1.0000         
72     34.0000         20.0703         50000000.0000   1.6940          1.0000         
73     24.0000         13.8500         41737384.3415   1.7329          1.1980         
74     26.0000         14.4908         39536100.9336   1.7942          1.2647         
75     34.0000         18.5601         36562447.6076   1.8319          1.3675         
76     33.0000         17.1062         34683413.8153   1.9291          1.4416         
77     21.0000         10.5108         47902808.1373   1.9979          1.0438         
78     34.0000         16.5242         38843334.4446   2.0576          1.2872         
79     33.0000         15.9086         38446755.5292   2.0744          1.3005         
80     24.0000         11.5438         46252787.3159   2.0790          1.0810         
81     26.0000         12.4689         40820653.3968   2.0852          1.2249         
82     27.0000         12.2222         41879122.2843   2.2091          1.1939         
83     29.0000         12.7797         47566262.3758   2.2692          1.0512         
84     29.0000         12.4842         50000000.0000   2.3229          1.0000         
85     33.0000         13.5897         50000000.0000   2.4283          1.0000         
86     19.0000         7.4671          48842938.1051   2.5445          1.0237         
87     30.0000         9.4922          42305765.2215   3.1605          1.1819         
88     27.0000         7.4069          39575363.1522   3.6452          1.2634         
89     28.0000         7.4186          50000000.0000   3.7743          1.0000         
90     31.0000         7.8687          40693258.1480   3.9396          1.2287         
91     32.0000         7.0481          45814119.1637   4.5402          1.0914         
92     28.0000         5.7900          42638627.6269   4.8360          1.1726         
93     24.0000         3.4265          50000000.0000   7.0041          1.0000         
94     30.0000         3.0339          42120871.4605   9.8884          1.1871         
95     25.0000         2.3517          42276679.9365   10.6305         1.1827         
96     26.0000         1.0000          47487880.9376   26.0000         1.0529         
97     994.0000        35.1717         35884647.0295   28.2613         1.3934         
98     31.0000         1.0000          46138263.8537   31.0000         1.0837         
99     32.0000         1.0000          50000000.0000   32.0000         1.0000         
100    33.0000         1.0000          44973757.8900   33.0000         1.1118         
101    34.0000         1.0000          46018097.6599   34.0000         1.0865         
102    34.0000         1.0000          40411969.4823   34.0000         1.2373         
