client data            computing_speed throughput      update_time     upload_time    
0      25.0000         49.5037         47421766.9313   0.5050          1.0544         
1      20.0000         39.5642         50000000.0000   0.5055          1.0000         
2      22.0000         40.8396         45634117.3407   0.5387          1.0957         
3      25.0000         45.3515         50000000.0000   0.5513          1.0000         
4      28.0000         50.0000         49287050.7607   0.5600          1.0145         
5      28.0000         50.0000         38877016.7005   0.5600          1.2861         
6      29.0000         48.8182         48489553.0085   0.5940          1.0311         
7      30.0000         50.0000         41461170.6070   0.6000          1.2059         
8      25.0000         41.4131         50000000.0000   0.6037          1.0000         
9      31.0000         50.0000         50000000.0000   0.6200          1.0000         
10     29.0000         45.9322         43630311.5610   0.6314          1.1460         
11     32.0000         50.0000         39089624.5456   0.6400          1.2791         
12     25.0000         38.1633         44723737.5312   0.6551          1.1180         
13     33.0000         50.0000         39282972.2037   0.6600          1.2728         
14     33.0000         50.0000         37441829.4703   0.6600          1.3354         
15     30.0000         45.2082         42365608.5976   0.6636          1.1802         
16     33.0000         49.3061         41361680.6206   0.6693          1.2088         
17     28.0000         41.7774         50000000.0000   0.6702          1.0000         
18     34.0000         50.0000         48918265.8333   0.6800          1.0221         
19     33.0000         48.3945         38954875.7829   0.6819          1.2835         
20     29.0000         42.2116         40944965.3980   0.6870          1.2212         
21     27.0000         39.1640         50000000.0000   0.6894          1.0000         
22     29.0000         40.7120         38722646.9253   0.7123          1.2912         
23     35.0000         48.3749         40358321.3449   0.7235          1.2389         
24     32.0000         43.1294         43212900.8021   0.7420          1.1571         
25     28.0000         37.0416         41703997.9279   0.7559          1.1989         
26     29.0000         36.7638         50000000.0000   0.7888          1.0000         
27     34.0000         42.9313         35705837.3391   0.7920          1.4003         
28     28.0000         34.9692         49911076.8074   0.8007          1.0018         
29     25.0000         30.7874         50000000.0000   0.8120          1.0000         
30     28.0000         34.1786         40528460.8253   0.8192          1.2337         
31     29.0000         35.1436         45250658.9226   0.8252          1.1050         
32     34.0000         41.1494         48275267.1359   0.8263          1.0357         
33     20.0000         24.0492         50000000.0000   0.8316          1.0000         
34     23.0000         27.5221         48818083.0483   0.8357          1.0242         
35     28.0000         33.4696         50000000.0000   0.8366          1.0000         
36     25.0000         29.8216         49490876.0341   0.8383          1.0103         
37     21.0000         24.6670         47658617.4755   0.8513          1.0491         
38     36.0000         41.9504         33217791.1893   0.8582          1.5052         
39     23.0000         26.4577         50000000.0000   0.8693          1.0000         
40     29.0000         33.3213         44239163.0960   0.8703          1.1302         
41     34.0000         38.4546         40555247.6141   0.8842          1.2329         
42     31.0000         33.8767         42841883.2922   0.9151          1.1671         
43     20.0000         21.5677         49366698.8468   0.9273          1.0128         
44     29.0000         31.2249         44583238.4252   0.9287          1.1215         
45     26.0000         27.7677         48992239.3272   0.9363          1.0206         
46     25.0000         25.8962         50000000.0000   0.9654          1.0000         
47     35.0000         35.7161         38096056.0805   0.9800          1.3125         
48     35.0000         35.5776         40812161.1867   0.9838          1.2251         
49     24.0000         24.2388         46597448.5678   0.9901          1.0730         
50     31.0000         30.5653         50000000.0000   1.0142          1.0000         
51     20.0000         19.2574         50000000.0000   1.0386          1.0000         
52     25.0000         23.6568         50000000.0000   1.0568          1.0000         
53     36.0000         33.6975         36459209.8036   1.0683          1.3714         
54     25.0000         23.2737         50000000.0000   1.0742          1.0000         
55     33.0000         30.5770         38718308.5644   1.0792          1.2914         
56     32.0000         29.3199         35709618.2704   1.0914          1.4002         
57     24.0000         20.9518         49753028.0404   1.1455          1.0050         
58     28.0000         23.6229         40827052.1870   1.1853          1.2247         
59     30.0000         25.1413         44349165.4414   1.1933          1.1274         
60     30.0000         24.6805         43575385.4156   1.2155          1.1474         
61     24.0000         19.4604         43911419.3472   1.2333          1.1387         
62     33.0000         25.8122         39429683.8148   1.2785          1.2681         
63     34.0000         26.0440         40745258.8099   1.3055          1.2271         
64     34.0000         25.5527         47100748.6687   1.3306          1.0616         
65     27.0000         20.0500         43679076.8829   1.3466          1.1447         
66     27.0000         19.9868         46763870.8478   1.3509          1.0692         
67     31.0000         22.2145         43036053.6737   1.3955          1.1618         
68     33.0000         23.2160         36988750.3019   1.4214          1.3518         
69     34.0000         23.6987         38825926.3012   1.4347          1.2878         
70     36.0000         24.9295         37372898.5926   1.4441          1.3379         
71     32.0000         21.7886         47080385.2683   1.4687          1.0620         
72     33.0000         20.5110         50000000.0000   1.6089          1.0000         
73     34.0000         20.4508         50000000.0000   1.6625          1.0000         
74     34.0000         19.7911         40193587.0147   1.7179          1.2440         
75     30.0000         15.5172         41378189.8304   1.9333          1.2084         
76     31.0000         15.9922         50000000.0000   1.9384          1.0000         
77     25.0000         11.5585         44783287.7509   2.1629          1.1165         
78     25.0000         10.5182         44091303.0141   2.3768          1.1340         
79     26.0000         10.4618         50000000.0000   2.4852          1.0000         
80     34.0000         11.2525         39093857.2078   3.0215          1.2790         
81     33.0000         10.1684         50000000.0000   3.2453          1.0000         
82     31.0000         7.9499          36560506.8389   3.8994          1.3676         
83     28.0000         7.1094          50000000.0000   3.9384          1.0000         
84     30.0000         7.4901          39804653.5291   4.0053          1.2561         
85     22.0000         5.4487          47589131.6529   4.0377          1.0507         
86     30.0000         7.1905          49199606.0308   4.1722          1.0163         
87     31.0000         5.9684          50000000.0000   5.1940          1.0000         
88     33.0000         5.9433          43645086.5874   5.5525          1.1456         
89     28.0000         4.7401          44607024.6553   5.9071          1.1209         
90     32.0000         5.2606          38080696.4719   6.0830          1.3130         
91     27.0000         4.1936          45824991.1031   6.4385          1.0911         
92     25.0000         3.1623          47163677.9931   7.9056          1.0601         
93     33.0000         3.2307          39518045.0464   10.2145         1.2652         
94     24.0000         2.1968          48233978.3131   10.9248         1.0366         
95     32.0000         2.0764          35651512.9284   15.4114         1.4025         
96     994.0000        45.8735         43834444.9662   21.6683         1.1407         
97     31.0000         1.4273          48454678.6715   21.7200         1.0319         
98     23.0000         1.0000          50000000.0000   23.0000         1.0000         
99     27.0000         1.0000          49757991.5689   27.0000         1.0049         
100    29.0000         1.0000          45494867.3985   29.0000         1.0990         
101    30.0000         1.0000          43313905.5541   30.0000         1.1544         
102    31.0000         1.0000          48543742.8313   31.0000         1.0300         
103    33.0000         1.0000          44880775.0857   33.0000         1.1141         
104    34.0000         1.0000          41240428.0678   34.0000         1.2124         
