client data            computing_speed throughput      update_time     upload_time    
0      16.0000         44.1641         50000000.0000   0.3623          1.0000         
1      20.0000         45.8777         50000000.0000   0.4359          1.0000         
2      17.0000         38.5425         49424027.0624   0.4411          1.0117         
3      23.0000         50.0000         48889213.1277   0.4600          1.0227         
4      22.0000         42.7243         49606493.4879   0.5149          1.0079         
5      23.0000         43.4104         43277547.5151   0.5298          1.1553         
6      20.0000         37.3777         50000000.0000   0.5351          1.0000         
7      24.0000         42.4188         50000000.0000   0.5658          1.0000         
8      27.0000         46.5426         41064130.3670   0.5801          1.2176         
9      23.0000         38.9716         44452838.3721   0.5902          1.1248         
10     30.0000         50.0000         35001617.9693   0.6000          1.4285         
11     20.0000         32.3978         50000000.0000   0.6173          1.0000         
12     31.0000         50.0000         41290897.9816   0.6200          1.2109         
13     31.0000         50.0000         37869498.2433   0.6200          1.3203         
14     29.0000         46.5144         48195813.5288   0.6235          1.0374         
15     27.0000         43.2209         41196229.6565   0.6247          1.2137         
16     32.0000         50.0000         47316649.2271   0.6400          1.0567         
17     31.0000         46.5670         40540142.4281   0.6657          1.2333         
18     34.0000         50.0000         39524879.2079   0.6800          1.2650         
19     34.0000         50.0000         33559780.2791   0.6800          1.4899         
20     19.0000         27.7521         45194014.9875   0.6846          1.1063         
21     32.0000         46.2344         36107601.8439   0.6921          1.3847         
22     29.0000         40.2607         39446481.5335   0.7203          1.2675         
23     28.0000         37.9963         37700724.1367   0.7369          1.3262         
24     34.0000         45.5069         50000000.0000   0.7471          1.0000         
25     30.0000         39.0671         50000000.0000   0.7679          1.0000         
26     27.0000         35.0006         39993357.1400   0.7714          1.2502         
27     36.0000         46.3904         36660561.5282   0.7760          1.3639         
28     30.0000         38.3679         37668622.5152   0.7819          1.3274         
29     21.0000         26.7935         50000000.0000   0.7838          1.0000         
30     31.0000         39.4385         50000000.0000   0.7860          1.0000         
31     30.0000         37.8530         42471807.9579   0.7925          1.1773         
32     24.0000         30.2197         44467185.6285   0.7942          1.1244         
33     31.0000         38.8162         36715220.9048   0.7986          1.3618         
34     31.0000         38.5906         40083525.3992   0.8033          1.2474         
35     32.0000         39.4691         34086498.6341   0.8108          1.4669         
36     33.0000         40.6873         50000000.0000   0.8111          1.0000         
37     31.0000         37.7976         50000000.0000   0.8202          1.0000         
38     35.0000         41.9520         38405756.7155   0.8343          1.3019         
39     28.0000         33.1826         43989033.9610   0.8438          1.1366         
40     31.0000         33.5935         45091402.3297   0.9228          1.1089         
41     32.0000         34.4241         37234498.2354   0.9296          1.3428         
42     32.0000         33.6722         50000000.0000   0.9503          1.0000         
43     35.0000         35.6191         38184163.7569   0.9826          1.3094         
44     15.0000         15.1232         50000000.0000   0.9919          1.0000         
45     28.0000         27.7715         45649947.3501   1.0082          1.0953         
46     26.0000         25.6748         46599292.3937   1.0127          1.0730         
47     29.0000         27.3803         50000000.0000   1.0592          1.0000         
48     25.0000         23.5396         48516388.6984   1.0620          1.0306         
49     35.0000         32.8767         50000000.0000   1.0646          1.0000         
50     34.0000         31.2437         40783760.5145   1.0882          1.2260         
51     33.0000         30.1814         45986357.3061   1.0934          1.0873         
52     24.0000         21.7423         49145568.9672   1.1038          1.0174         
53     35.0000         31.1407         34111253.3684   1.1239          1.4658         
54     34.0000         28.5760         32907035.4871   1.1898          1.5194         
55     32.0000         26.6811         39913784.2113   1.1993          1.2527         
56     36.0000         29.9423         42036882.2754   1.2023          1.1894         
57     26.0000         21.4192         41952036.4110   1.2139          1.1918         
58     18.0000         14.6169         50000000.0000   1.2315          1.0000         
59     24.0000         19.0306         42338524.8360   1.2611          1.1810         
60     34.0000         26.8453         50000000.0000   1.2665          1.0000         
61     26.0000         20.4352         47970027.0573   1.2723          1.0423         
62     32.0000         24.0168         47881780.9417   1.3324          1.0442         
63     22.0000         16.3607         42788320.9593   1.3447          1.1685         
64     36.0000         24.0521         50000000.0000   1.4968          1.0000         
65     33.0000         21.5273         48181437.8606   1.5329          1.0377         
66     31.0000         20.0143         49679489.7143   1.5489          1.0065         
67     29.0000         18.2586         45387011.7278   1.5883          1.1016         
68     36.0000         21.8621         32591942.4556   1.6467          1.5341         
69     31.0000         17.5446         48538786.0262   1.7669          1.0301         
70     22.0000         12.1546         48835889.6523   1.8100          1.0238         
71     34.0000         18.3137         40508119.4982   1.8565          1.2343         
72     32.0000         15.7255         34109261.8824   2.0349          1.4659         
73     32.0000         15.3652         40480248.6643   2.0826          1.2352         
74     33.0000         15.3982         35322745.7784   2.1431          1.4155         
75     33.0000         14.6961         37691183.3196   2.2455          1.3266         
76     19.0000         7.9693          50000000.0000   2.3842          1.0000         
77     30.0000         12.5633         48755196.6796   2.3879          1.0255         
78     25.0000         10.1885         40959040.9218   2.4538          1.2207         
79     24.0000         9.2215          46053031.9541   2.6026          1.0857         
80     34.0000         12.9091         48730310.6761   2.6338          1.0261         
81     29.0000         10.9700         50000000.0000   2.6436          1.0000         
82     34.0000         12.3368         43984024.1362   2.7560          1.1368         
83     28.0000         9.5185          44181942.6287   2.9416          1.1317         
84     22.0000         7.2496          42716286.6637   3.0346          1.1705         
85     27.0000         8.7225          37649865.2176   3.0954          1.3280         
86     36.0000         8.6762          39996749.8824   4.1493          1.2501         
87     34.0000         7.2611          34504669.8997   4.6825          1.4491         
88     24.0000         4.9027          43785996.2793   4.8952          1.1419         
89     29.0000         5.8309          44280452.3445   4.9735          1.1292         
90     31.0000         2.5538          50000000.0000   12.1387         1.0000         
91     17.0000         1.0000          49038792.5423   17.0000         1.0196         
92     22.0000         1.0000          47104661.5746   22.0000         1.0615         
93     994.0000        43.3201         26288719.1602   22.9455         1.9020         
94     26.0000         1.0000          39207985.3285   26.0000         1.2753         
95     27.0000         1.0000          40492171.1190   27.0000         1.2348         
96     27.0000         1.0000          38171653.5704   27.0000         1.3099         
97     28.0000         1.0000          39955177.8420   28.0000         1.2514         
98     29.0000         1.0000          41696633.1297   29.0000         1.1991         
99     31.0000         1.0000          50000000.0000   31.0000         1.0000         
100    32.0000         1.0000          37278968.5524   32.0000         1.3412         
101    34.0000         1.0000          32821186.3787   34.0000         1.5234         
