client data            computing_speed throughput      update_time     upload_time    
0      21.0000         50.0000         46862243.0227   0.4200          1.0670         
1      21.0000         46.8202         47332921.3081   0.4485          1.0563         
2      24.0000         50.0000         50000000.0000   0.4800          1.0000         
3      23.0000         45.7459         48272858.9863   0.5028          1.0358         
4      26.0000         50.0000         49591237.5199   0.5200          1.0082         
5      25.0000         46.9418         43514631.9670   0.5326          1.1490         
6      22.0000         41.0447         50000000.0000   0.5360          1.0000         
7      22.0000         40.7126         45638182.5993   0.5404          1.0956         
8      20.0000         35.9120         50000000.0000   0.5569          1.0000         
9      30.0000         50.0000         38039138.0818   0.6000          1.3144         
10     27.0000         44.1896         46102070.9285   0.6110          1.0845         
11     25.0000         39.8927         41129686.3815   0.6267          1.2157         
12     31.0000         48.7768         43959916.0238   0.6355          1.1374         
13     32.0000         49.7924         48653000.4048   0.6427          1.0277         
14     27.0000         41.4028         49366054.5739   0.6521          1.0128         
15     34.0000         50.0000         47164876.6291   0.6800          1.0601         
16     26.0000         37.8928         50000000.0000   0.6861          1.0000         
17     26.0000         36.7510         49663756.0818   0.7075          1.0068         
18     31.0000         43.4112         47255686.9063   0.7141          1.0581         
19     36.0000         50.0000         47936871.3558   0.7200          1.0430         
20     33.0000         45.4792         50000000.0000   0.7256          1.0000         
21     31.0000         42.0205         48015933.2184   0.7377          1.0413         
22     35.0000         45.2557         50000000.0000   0.7734          1.0000         
23     33.0000         42.1558         42729655.5983   0.7828          1.1701         
24     26.0000         33.1309         45071696.7675   0.7848          1.1093         
25     27.0000         33.2897         44529103.9361   0.8111          1.1229         
26     34.0000         40.7147         50000000.0000   0.8351          1.0000         
27     28.0000         32.7925         40309979.4018   0.8539          1.2404         
28     28.0000         31.9517         50000000.0000   0.8763          1.0000         
29     35.0000         39.7784         44127911.6074   0.8799          1.1331         
30     35.0000         39.3769         50000000.0000   0.8888          1.0000         
31     34.0000         38.1810         42763986.5573   0.8905          1.1692         
32     32.0000         35.3811         47976263.7313   0.9044          1.0422         
33     30.0000         32.9580         41035277.4512   0.9102          1.2185         
34     31.0000         33.3154         42677266.5977   0.9305          1.1716         
35     27.0000         28.7783         48552396.0620   0.9382          1.0298         
36     31.0000         32.9469         43499192.7978   0.9409          1.1494         
37     34.0000         35.5546         46235226.9108   0.9563          1.0814         
38     36.0000         36.9144         31521648.0014   0.9752          1.5862         
39     34.0000         32.6054         50000000.0000   1.0428          1.0000         
40     34.0000         32.4550         39743988.3093   1.0476          1.2581         
41     35.0000         32.5856         33149220.9665   1.0741          1.5083         
42     36.0000         32.7968         39861788.2182   1.0977          1.2543         
43     29.0000         25.4561         50000000.0000   1.1392          1.0000         
44     22.0000         19.3035         50000000.0000   1.1397          1.0000         
45     36.0000         31.5092         47749508.0590   1.1425          1.0471         
46     32.0000         27.1771         50000000.0000   1.1775          1.0000         
47     29.0000         23.9048         50000000.0000   1.2131          1.0000         
48     36.0000         29.3480         44765314.5528   1.2267          1.1169         
49     29.0000         21.6519         39154377.0925   1.3394          1.2770         
50     34.0000         24.7704         50000000.0000   1.3726          1.0000         
51     31.0000         22.4011         50000000.0000   1.3839          1.0000         
52     29.0000         20.6292         50000000.0000   1.4058          1.0000         
53     32.0000         22.0587         48179583.3907   1.4507          1.0378         
54     34.0000         23.3982         43448479.3691   1.4531          1.1508         
55     33.0000         22.1318         35629505.7307   1.4911          1.4033         
56     34.0000         21.9474         46369894.6954   1.5492          1.0783         
57     36.0000         22.5364         44392512.8803   1.5974          1.1263         
58     36.0000         22.0836         33360731.2886   1.6302          1.4988         
59     28.0000         16.9422         49999263.8225   1.6527          1.0000         
60     33.0000         18.3249         42752414.5085   1.8008          1.1695         
61     30.0000         16.5232         50000000.0000   1.8156          1.0000         
62     19.0000         10.4144         50000000.0000   1.8244          1.0000         
63     27.0000         14.4914         40686969.4501   1.8632          1.2289         
64     31.0000         15.9500         39502858.3411   1.9436          1.2657         
65     34.0000         17.1482         34765301.4618   1.9827          1.4382         
66     35.0000         17.5494         38426080.9828   1.9944          1.3012         
67     21.0000         10.5073         46568947.8184   1.9986          1.0737         
68     30.0000         14.9593         50000000.0000   2.0054          1.0000         
69     35.0000         16.7605         50000000.0000   2.0882          1.0000         
70     32.0000         15.1465         34960124.6141   2.1127          1.4302         
71     31.0000         14.6688         45648136.3585   2.1133          1.0953         
72     28.0000         12.3149         45603069.5265   2.2737          1.0964         
73     31.0000         13.0786         47197930.4092   2.3703          1.0594         
74     30.0000         12.4595         50000000.0000   2.4078          1.0000         
75     31.0000         12.5834         44169346.9930   2.4636          1.1320         
76     36.0000         13.7373         35242241.4279   2.6206          1.4188         
77     32.0000         9.1031          48504392.6975   3.5153          1.0308         
78     32.0000         9.0127          50000000.0000   3.5506          1.0000         
79     24.0000         6.6193          48880657.0486   3.6258          1.0229         
80     31.0000         8.2937          43237554.0766   3.7378          1.1564         
81     25.0000         6.6074          42325271.2484   3.7836          1.1813         
82     34.0000         8.4511          43397889.2337   4.0232          1.1521         
83     30.0000         7.3396          50000000.0000   4.0874          1.0000         
84     32.0000         7.8105          50000000.0000   4.0970          1.0000         
85     27.0000         6.1103          38681670.9291   4.4188          1.2926         
86     24.0000         5.2665          50000000.0000   4.5571          1.0000         
87     28.0000         5.5316          45086078.0384   5.0618          1.1090         
88     34.0000         6.3863          40779724.8496   5.3239          1.2261         
89     31.0000         5.7520          45043908.3042   5.3894          1.1100         
90     27.0000         4.2988          42804427.7911   6.2808          1.1681         
91     30.0000         4.5717          49331990.2329   6.5620          1.0135         
92     25.0000         3.2901          46808604.8681   7.5985          1.0682         
93     30.0000         3.3561          50000000.0000   8.9390          1.0000         
94     31.0000         2.7564          50000000.0000   11.2466         1.0000         
95     35.0000         1.7018          50000000.0000   20.5670         1.0000         
96     25.0000         1.0000          43932098.4977   25.0000         1.1381         
97     28.0000         1.0000          38857699.4029   28.0000         1.2867         
98     29.0000         1.0000          37933231.4981   29.0000         1.3181         
99     30.0000         1.0000          35539556.5387   30.0000         1.4069         
100    31.0000         1.0000          37168075.5323   31.0000         1.3452         
101    31.0000         1.0000          35632658.8432   31.0000         1.4032         
102    33.0000         1.0000          40514115.9421   33.0000         1.2341         
103    35.0000         1.0000          49969482.5273   35.0000         1.0006         
104    35.0000         1.0000          38627669.3237   35.0000         1.2944         
105    36.0000         1.0000          39937032.2514   36.0000         1.2520         
