client data            computing_speed throughput      update_time     upload_time    
0      22.0000         50.0000         50000000.0000   0.4400          1.0000         
1      23.0000         50.0000         50000000.0000   0.4600          1.0000         
2      22.0000         43.8877         50000000.0000   0.5013          1.0000         
3      26.0000         50.0000         50000000.0000   0.5200          1.0000         
4      26.0000         50.0000         47282025.9822   0.5200          1.0575         
5      26.0000         50.0000         44400057.3423   0.5200          1.1261         
6      27.0000         50.0000         50000000.0000   0.5400          1.0000         
7      27.0000         50.0000         49172003.3475   0.5400          1.0168         
8      22.0000         39.6632         50000000.0000   0.5547          1.0000         
9      25.0000         43.6890         50000000.0000   0.5722          1.0000         
10     29.0000         50.0000         47424649.2976   0.5800          1.0543         
11     29.0000         48.6392         41651740.8071   0.5962          1.2004         
12     30.0000         50.0000         50000000.0000   0.6000          1.0000         
13     25.0000         41.4310         50000000.0000   0.6034          1.0000         
14     31.0000         50.0000         50000000.0000   0.6200          1.0000         
15     31.0000         50.0000         50000000.0000   0.6200          1.0000         
16     31.0000         50.0000         49236032.5942   0.6200          1.0155         
17     31.0000         50.0000         45082596.9201   0.6200          1.1091         
18     25.0000         40.2254         50000000.0000   0.6215          1.0000         
19     32.0000         50.0000         45986123.2988   0.6400          1.0873         
20     32.0000         50.0000         39082141.1905   0.6400          1.2794         
21     22.0000         33.9109         50000000.0000   0.6488          1.0000         
22     33.0000         50.0000         48039459.4474   0.6600          1.0408         
23     29.0000         43.4994         49980700.5410   0.6667          1.0004         
24     34.0000         50.0000         50000000.0000   0.6800          1.0000         
25     34.0000         50.0000         50000000.0000   0.6800          1.0000         
26     34.0000         50.0000         44614883.9533   0.6800          1.1207         
27     34.0000         50.0000         42827420.5838   0.6800          1.1675         
28     31.0000         45.4578         38327116.4932   0.6820          1.3046         
29     28.0000         40.9827         41142609.9579   0.6832          1.2153         
30     25.0000         36.5036         50000000.0000   0.6849          1.0000         
31     31.0000         45.0106         47346751.7593   0.6887          1.0560         
32     35.0000         50.0000         36519616.4891   0.7000          1.3691         
33     34.0000         46.6256         50000000.0000   0.7292          1.0000         
34     27.0000         36.0698         50000000.0000   0.7485          1.0000         
35     31.0000         41.0155         42953883.2987   0.7558          1.1640         
36     35.0000         45.5145         46311858.0660   0.7690          1.0796         
37     32.0000         41.4628         50000000.0000   0.7718          1.0000         
38     35.0000         44.5039         37265904.6243   0.7864          1.3417         
39     27.0000         34.2849         50000000.0000   0.7875          1.0000         
40     31.0000         38.6985         45808506.6534   0.8011          1.0915         
41     35.0000         42.7065         50000000.0000   0.8195          1.0000         
42     36.0000         41.9250         50000000.0000   0.8587          1.0000         
43     31.0000         35.5718         48937259.0379   0.8715          1.0217         
44     34.0000         38.1680         46711368.8946   0.8908          1.0704         
45     31.0000         34.6066         50000000.0000   0.8958          1.0000         
46     36.0000         40.1741         50000000.0000   0.8961          1.0000         
47     36.0000         39.5579         50000000.0000   0.9101          1.0000         
48     34.0000         36.8179         45337224.7578   0.9235          1.1028         
49     31.0000         32.7884         41241979.9316   0.9455          1.2124         
50     33.0000         33.7009         50000000.0000   0.9792          1.0000         
51     34.0000         33.9378         50000000.0000   1.0018          1.0000         
52     30.0000         28.4866         46251422.9349   1.0531          1.0810         
53     25.0000         23.0411         50000000.0000   1.0850          1.0000         
54     35.0000         31.5046         50000000.0000   1.1109          1.0000         
55     30.0000         25.9959         48056987.5424   1.1540          1.0404         
56     28.0000         22.7735         50000000.0000   1.2295          1.0000         
57     30.0000         23.3324         49400641.2890   1.2858          1.0121         
58     22.0000         16.6682         50000000.0000   1.3199          1.0000         
59     30.0000         22.2811         41315620.7548   1.3464          1.2102         
60     36.0000         26.6278         33777339.4729   1.3520          1.4803         
61     31.0000         20.6616         41408093.5456   1.5004          1.2075         
62     32.0000         21.0493         40233011.9173   1.5202          1.2428         
63     35.0000         21.8103         36089455.9376   1.6047          1.3854         
64     32.0000         19.5712         50000000.0000   1.6351          1.0000         
65     26.0000         14.5588         50000000.0000   1.7859          1.0000         
66     31.0000         16.8869         50000000.0000   1.8357          1.0000         
67     31.0000         16.7798         50000000.0000   1.8475          1.0000         
68     34.0000         18.1881         34889936.0630   1.8694          1.4331         
69     36.0000         18.1689         35796600.8305   1.9814          1.3968         
70     35.0000         17.6581         37509310.5952   1.9821          1.3330         
71     33.0000         16.2719         45592149.0150   2.0280          1.0967         
72     31.0000         14.5905         48155330.8818   2.1247          1.0383         
73     23.0000         9.0544          50000000.0000   2.5402          1.0000         
74     34.0000         11.7733         50000000.0000   2.8879          1.0000         
75     31.0000         9.9640          38151797.2936   3.1112          1.3106         
76     33.0000         9.4943          44043429.7802   3.4758          1.1352         
77     31.0000         7.8608          38214794.4660   3.9436          1.3084         
78     31.0000         7.5371          42291364.4721   4.1130          1.1823         
79     30.0000         7.1152          42197418.1968   4.2163          1.1849         
80     29.0000         5.7541          50000000.0000   5.0399          1.0000         
81     35.0000         6.1383          39287766.2487   5.7019          1.2727         
82     30.0000         4.7855          47461090.4110   6.2689          1.0535         
83     30.0000         4.5060          46891187.0689   6.6577          1.0663         
84     33.0000         4.9293          50000000.0000   6.6947          1.0000         
85     35.0000         2.5293          37473759.2510   13.8377         1.3343         
86     23.0000         1.0000          50000000.0000   23.0000         1.0000         
87     23.0000         1.0000          50000000.0000   23.0000         1.0000         
88     24.0000         1.0000          46812312.4465   24.0000         1.0681         
89     36.0000         1.4402          35004947.4839   24.9968         1.4284         
90     25.0000         1.0000          49282354.1522   25.0000         1.0146         
91     27.0000         1.0000          46935321.3809   27.0000         1.0653         
92     28.0000         1.0000          50000000.0000   28.0000         1.0000         
93     28.0000         1.0000          50000000.0000   28.0000         1.0000         
94     28.0000         1.0000          46700884.0290   28.0000         1.0706         
95     30.0000         1.0000          50000000.0000   30.0000         1.0000         
96     30.0000         1.0000          45920994.5235   30.0000         1.0888         
97     30.0000         1.0000          42391282.0079   30.0000         1.1795         
98     31.0000         1.0000          50000000.0000   31.0000         1.0000         
99     31.0000         1.0000          48440372.4006   31.0000         1.0322         
100    31.0000         1.0000          40944881.0218   31.0000         1.2212         
101    32.0000         1.0000          44017716.8366   32.0000         1.1359         
102    32.0000         1.0000          43043179.9440   32.0000         1.1616         
103    34.0000         1.0000          50000000.0000   34.0000         1.0000         
104    34.0000         1.0000          48666988.9139   34.0000         1.0274         
105    34.0000         1.0000          41318283.0483   34.0000         1.2101         
106    35.0000         1.0000          50000000.0000   35.0000         1.0000         
107    35.0000         1.0000          40254894.8405   35.0000         1.2421         
108    36.0000         1.0000          35371873.9489   36.0000         1.4136         
