client data            computing_speed throughput      update_time     upload_time    
0      16.0000         36.8830         47949265.8211   0.4338          1.0428         
1      25.0000         50.0000         40762213.1009   0.5000          1.2266         
2      27.0000         50.0000         50000000.0000   0.5400          1.0000         
3      28.0000         50.0000         37563928.4179   0.5600          1.3311         
4      29.0000         50.0000         37051177.6137   0.5800          1.3495         
5      17.0000         29.1670         45631946.2967   0.5829          1.0957         
6      27.0000         45.9894         44194223.4272   0.5871          1.1314         
7      23.0000         37.6004         50000000.0000   0.6117          1.0000         
8      31.0000         50.0000         47410578.7875   0.6200          1.0546         
9      21.0000         33.6146         48752416.2044   0.6247          1.0256         
10     20.0000         30.8630         49420647.2337   0.6480          1.0117         
11     33.0000         50.0000         39301682.7911   0.6600          1.2722         
12     27.0000         40.8999         48021063.9948   0.6601          1.0412         
13     29.0000         43.1131         50000000.0000   0.6726          1.0000         
14     22.0000         32.2064         50000000.0000   0.6831          1.0000         
15     31.0000         44.9274         47431956.6207   0.6900          1.0541         
16     28.0000         39.1428         43854374.7703   0.7153          1.1401         
17     28.0000         37.5815         41169217.2328   0.7450          1.2145         
18     23.0000         30.6985         40008528.1508   0.7492          1.2497         
19     33.0000         43.6005         36392732.6476   0.7569          1.3739         
20     30.0000         38.6922         33808861.6191   0.7754          1.4789         
21     31.0000         39.6333         48263641.6804   0.7822          1.0360         
22     31.0000         39.6031         37697023.9705   0.7828          1.3264         
23     35.0000         44.4624         46497104.6105   0.7872          1.0753         
24     25.0000         31.3910         40716459.2744   0.7964          1.2280         
25     30.0000         37.4534         50000000.0000   0.8010          1.0000         
26     33.0000         40.0757         33675544.1480   0.8234          1.4848         
27     34.0000         39.6947         46396987.0211   0.8565          1.0777         
28     32.0000         36.6449         41335805.5371   0.8732          1.2096         
29     32.0000         35.4467         32724077.3266   0.9028          1.5279         
30     27.0000         29.7001         40167497.4132   0.9091          1.2448         
31     26.0000         28.5673         41244664.1439   0.9101          1.2123         
32     35.0000         37.8576         32169908.8189   0.9245          1.5542         
33     24.0000         25.9167         45640318.1713   0.9260          1.0955         
34     32.0000         34.3847         40546099.9456   0.9306          1.2332         
35     25.0000         26.6889         43015482.1357   0.9367          1.1624         
36     29.0000         30.5392         40826171.2349   0.9496          1.2247         
37     34.0000         35.4449         33989976.2794   0.9592          1.4710         
38     19.0000         19.7888         50000000.0000   0.9601          1.0000         
39     36.0000         37.1313         43305411.8792   0.9695          1.1546         
40     29.0000         29.7499         39327775.5234   0.9748          1.2714         
41     34.0000         34.3930         37069849.9989   0.9886          1.3488         
42     34.0000         33.6922         36226540.9032   1.0091          1.3802         
43     34.0000         33.6690         34773750.9199   1.0098          1.4379         
44     26.0000         25.5683         46805392.2789   1.0169          1.0683         
45     25.0000         24.3573         38432783.5789   1.0264          1.3010         
46     36.0000         34.8845         30125731.9485   1.0320          1.6597         
47     34.0000         31.8401         45839489.9354   1.0678          1.0908         
48     33.0000         30.3678         39413760.6321   1.0867          1.2686         
49     34.0000         30.4563         36605548.3145   1.1164          1.3659         
50     36.0000         31.9109         37278952.8957   1.1281          1.3412         
51     26.0000         22.6559         43312994.9285   1.1476          1.1544         
52     30.0000         25.2455         34943313.2881   1.1883          1.4309         
53     26.0000         21.5066         39372279.1911   1.2089          1.2699         
54     33.0000         26.9170         50000000.0000   1.2260          1.0000         
55     28.0000         21.6390         39555656.9892   1.2940          1.2640         
56     31.0000         23.7337         42934742.5978   1.3062          1.1646         
57     25.0000         18.7415         46448728.9905   1.3339          1.0765         
58     32.0000         23.9266         35147952.8059   1.3374          1.4226         
59     28.0000         20.8240         50000000.0000   1.3446          1.0000         
60     32.0000         23.6859         46382922.9886   1.3510          1.0780         
61     32.0000         23.5989         36407459.1525   1.3560          1.3733         
62     32.0000         23.3925         39391231.3980   1.3680          1.2693         
63     27.0000         19.4880         45020263.2697   1.3855          1.1106         
64     26.0000         18.6902         39504065.2641   1.3911          1.2657         
65     32.0000         21.9512         33167610.7580   1.4578          1.5075         
66     33.0000         21.9955         35841464.5597   1.5003          1.3950         
67     34.0000         22.6003         38941950.0856   1.5044          1.2840         
68     34.0000         22.5199         36453168.3265   1.5098          1.3716         
69     31.0000         20.4104         40376253.9388   1.5188          1.2384         
70     29.0000         18.9468         44548549.4775   1.5306          1.1224         
71     31.0000         20.1391         36160896.2253   1.5393          1.3827         
72     24.0000         15.1907         42481890.2772   1.5799          1.1770         
73     26.0000         16.3909         39520980.5599   1.5862          1.2652         
74     33.0000         17.9526         39966326.8639   1.8382          1.2511         
75     31.0000         15.6112         39567554.1081   1.9857          1.2637         
76     30.0000         14.6743         34774459.2143   2.0444          1.4378         
77     36.0000         16.4548         33768380.6134   2.1878          1.4807         
78     36.0000         16.1785         37484308.5403   2.2252          1.3339         
79     19.0000         8.2889          50000000.0000   2.2922          1.0000         
80     28.0000         12.2082         37921367.1359   2.2935          1.3185         
81     34.0000         13.8426         37551712.9061   2.4562          1.3315         
82     31.0000         12.0701         35113895.0656   2.5683          1.4239         
83     32.0000         11.5638         50000000.0000   2.7673          1.0000         
84     29.0000         9.1133          50000000.0000   3.1822          1.0000         
85     29.0000         8.8056          36445217.9292   3.2934          1.3719         
86     33.0000         7.9199          43545253.9282   4.1667          1.1482         
87     31.0000         7.0895          45103510.7705   4.3727          1.1086         
88     34.0000         6.9639          43543797.8152   4.8823          1.1483         
89     994.0000        46.5897         30993030.2554   21.3352         1.6133         
90     22.0000         1.0000          49006455.4133   22.0000         1.0203         
91     22.0000         1.0000          43456816.1630   22.0000         1.1506         
92     24.0000         1.0000          50000000.0000   24.0000         1.0000         
93     24.0000         1.0000          46910437.6542   24.0000         1.0659         
94     24.0000         1.0000          45452454.7062   24.0000         1.1001         
95     29.0000         1.0000          41680900.7755   29.0000         1.1996         
96     31.0000         1.0000          45613086.1657   31.0000         1.0962         
97     32.0000         1.0000          44544693.5549   32.0000         1.1225         
