client data            computing_speed throughput      update_time     upload_time    
0      14.0000         50.0000         49418298.5852   0.2800          1.0118         
1      14.0000         47.6166         50000000.0000   0.2940          1.0000         
2      15.0000         47.5778         50000000.0000   0.3153          1.0000         
3      16.0000         50.0000         50000000.0000   0.3200          1.0000         
4      17.0000         50.0000         50000000.0000   0.3400          1.0000         
5      19.0000         50.0000         50000000.0000   0.3800          1.0000         
6      17.0000         43.0589         50000000.0000   0.3948          1.0000         
7      20.0000         50.0000         45796343.0718   0.4000          1.0918         
8      18.0000         44.0049         49843337.7712   0.4090          1.0031         
9      21.0000         50.0000         49264696.3182   0.4200          1.0149         
10     23.0000         50.0000         50000000.0000   0.4600          1.0000         
11     20.0000         41.5353         50000000.0000   0.4815          1.0000         
12     22.0000         45.1565         50000000.0000   0.4872          1.0000         
13     25.0000         50.0000         42352105.1956   0.5000          1.1806         
14     25.0000         50.0000         36469343.2036   0.5000          1.3710         
15     19.0000         34.4957         43594894.7076   0.5508          1.1469         
16     25.0000         45.3218         41771021.8719   0.5516          1.1970         
17     23.0000         41.5534         44085870.5639   0.5535          1.1342         
18     28.0000         50.0000         37199335.8630   0.5600          1.3441         
19     24.0000         42.4342         50000000.0000   0.5656          1.0000         
20     27.0000         46.3126         48837391.5769   0.5830          1.0238         
21     14.0000         23.0182         50000000.0000   0.6082          1.0000         
22     30.0000         48.8753         49683743.2603   0.6138          1.0064         
23     26.0000         42.1486         44340650.8232   0.6169          1.1276         
24     31.0000         50.0000         47121578.0740   0.6200          1.0611         
25     31.0000         50.0000         43278765.3603   0.6200          1.1553         
26     31.0000         50.0000         40341979.1503   0.6200          1.2394         
27     31.0000         50.0000         34582788.3802   0.6200          1.4458         
28     32.0000         50.0000         50000000.0000   0.6400          1.0000         
29     32.0000         50.0000         45850639.4860   0.6400          1.0905         
30     32.0000         50.0000         35476058.0280   0.6400          1.4094         
31     29.0000         44.5783         47839375.4973   0.6505          1.0452         
32     26.0000         39.8259         35791215.7804   0.6528          1.3970         
33     19.0000         28.7928         50000000.0000   0.6599          1.0000         
34     33.0000         50.0000         50000000.0000   0.6600          1.0000         
35     27.0000         40.8533         44080161.2800   0.6609          1.1343         
36     29.0000         43.0714         48223219.5416   0.6733          1.0368         
37     34.0000         50.0000         47211523.0883   0.6800          1.0591         
38     35.0000         50.0000         50000000.0000   0.7000          1.0000         
39     35.0000         50.0000         39678430.1880   0.7000          1.2601         
40     35.0000         50.0000         35011538.0523   0.7000          1.4281         
41     28.0000         39.2689         34192149.8101   0.7130          1.4623         
42     23.0000         31.7500         43015291.1597   0.7244          1.1624         
43     32.0000         44.1032         47862977.7696   0.7256          1.0446         
44     21.0000         28.8965         44081969.1543   0.7267          1.1343         
45     33.0000         44.6007         50000000.0000   0.7399          1.0000         
46     24.0000         32.2771         40583835.6846   0.7436          1.2320         
47     26.0000         34.4696         50000000.0000   0.7543          1.0000         
48     35.0000         46.0266         33006324.0799   0.7604          1.5149         
49     20.0000         23.8671         50000000.0000   0.8380          1.0000         
50     24.0000         28.5725         42555921.2740   0.8400          1.1749         
51     33.0000         36.2712         48810460.0354   0.9098          1.0244         
52     29.0000         31.3409         50000000.0000   0.9253          1.0000         
53     32.0000         34.1072         50000000.0000   0.9382          1.0000         
54     34.0000         34.5812         40074735.3091   0.9832          1.2477         
55     19.0000         18.7932         50000000.0000   1.0110          1.0000         
56     27.0000         25.9084         40073983.3154   1.0421          1.2477         
57     24.0000         22.2576         37423316.6220   1.0783          1.3361         
58     34.0000         29.9195         42576290.2333   1.1364          1.1744         
59     31.0000         26.8896         50000000.0000   1.1529          1.0000         
60     28.0000         23.7310         50000000.0000   1.1799          1.0000         
61     35.0000         28.3281         31550157.9316   1.2355          1.5848         
62     23.0000         17.9334         44719253.7871   1.2825          1.1181         
63     16.0000         11.9687         50000000.0000   1.3368          1.0000         
64     21.0000         15.5405         47316921.5815   1.3513          1.0567         
65     25.0000         17.4625         42717233.7215   1.4316          1.1705         
66     25.0000         16.2348         49187015.5994   1.5399          1.0165         
67     33.0000         19.7395         41662543.8409   1.6718          1.2001         
68     21.0000         10.8490         50000000.0000   1.9357          1.0000         
69     31.0000         15.6167         36279649.9213   1.9851          1.3782         
70     30.0000         15.0966         50000000.0000   1.9872          1.0000         
71     33.0000         16.4653         50000000.0000   2.0042          1.0000         
72     25.0000         11.7227         50000000.0000   2.1326          1.0000         
73     20.0000         9.0851          47843838.0217   2.2014          1.0451         
74     30.0000         12.8812         50000000.0000   2.3290          1.0000         
75     22.0000         8.3098          39474896.1129   2.6475          1.2666         
76     31.0000         11.3231         48177784.2168   2.7378          1.0378         
77     21.0000         6.8573          42345868.3790   3.0624          1.1808         
78     33.0000         10.4692         35158173.5446   3.1521          1.4221         
79     31.0000         9.6512          36902827.0702   3.2120          1.3549         
80     23.0000         6.3013          48843630.1113   3.6500          1.0237         
81     25.0000         6.7929          38658305.1132   3.6803          1.2934         
82     33.0000         8.8515          47467356.8331   3.7282          1.0534         
83     34.0000         7.9889          50000000.0000   4.2559          1.0000         
84     31.0000         5.6591          50000000.0000   5.4780          1.0000         
85     31.0000         5.5763          50000000.0000   5.5592          1.0000         
86     28.0000         3.3971          50000000.0000   8.2423          1.0000         
87     19.0000         2.0584          48430584.8891   9.2306          1.0324         
88     18.0000         1.0000          50000000.0000   18.0000         1.0000         
89     18.0000         1.0000          45691057.1551   18.0000         1.0943         
90     19.0000         1.0000          46344700.8922   19.0000         1.0789         
91     994.0000        50.0000         15000000.0000   19.8800         3.3333         
92     24.0000         1.0000          45512825.5145   24.0000         1.0986         
93     30.0000         1.1408          32372391.1725   26.2976         1.5445         
94     28.0000         1.0000          42442130.1870   28.0000         1.1781         
95     28.0000         1.0000          38270937.1120   28.0000         1.3065         
96     28.0000         1.0000          34633456.2698   28.0000         1.4437         
97     29.0000         1.0000          50000000.0000   29.0000         1.0000         
98     29.0000         1.0000          34719393.1383   29.0000         1.4401         
99     32.0000         1.0000          39054724.9902   32.0000         1.2803         
100    33.0000         1.0000          50000000.0000   33.0000         1.0000         
101    33.0000         1.0000          43985284.7490   33.0000         1.1367         
102    34.0000         1.0000          49441196.4752   34.0000         1.0113         
103    35.0000         1.0000          36590631.3692   35.0000         1.3665         
