client data            computing_speed throughput      update_time     upload_time    
0      19.0000         50.0000         50000000.0000   0.3800          1.0000         
1      20.0000         50.0000         49048118.0979   0.4000          1.0194         
2      20.0000         50.0000         46341880.1116   0.4000          1.0789         
3      18.0000         37.7773         50000000.0000   0.4765          1.0000         
4      22.0000         42.2042         44861562.2946   0.5213          1.1145         
5      24.0000         45.3748         47101789.0564   0.5289          1.0615         
6      21.0000         39.6955         46962506.4571   0.5290          1.0647         
7      23.0000         40.3485         50000000.0000   0.5700          1.0000         
8      29.0000         50.0000         39692445.7692   0.5800          1.2597         
9      27.0000         44.6436         50000000.0000   0.6048          1.0000         
10     26.0000         42.3852         44247835.7527   0.6134          1.1300         
11     31.0000         50.0000         38754901.6509   0.6200          1.2902         
12     31.0000         46.1270         35772197.7787   0.6721          1.3977         
13     27.0000         40.1591         38483543.2861   0.6723          1.2993         
14     26.0000         38.3235         50000000.0000   0.6784          1.0000         
15     31.0000         45.6481         46384984.2644   0.6791          1.0779         
16     32.0000         46.6073         43183024.0271   0.6866          1.1579         
17     35.0000         50.0000         47990221.0891   0.7000          1.0419         
18     26.0000         36.8683         50000000.0000   0.7052          1.0000         
19     31.0000         43.2632         38391496.8553   0.7165          1.3024         
20     35.0000         48.7475         45423212.6751   0.7180          1.1008         
21     32.0000         44.5149         44603016.4315   0.7189          1.1210         
22     36.0000         50.0000         46834329.6561   0.7200          1.0676         
23     33.0000         45.6664         47489603.9837   0.7226          1.0529         
24     30.0000         39.6113         48175153.2501   0.7574          1.0379         
25     22.0000         28.9595         48257547.5335   0.7597          1.0361         
26     32.0000         41.4162         37492980.2658   0.7726          1.3336         
27     22.0000         28.1035         43497081.4089   0.7828          1.1495         
28     35.0000         44.1027         33516880.1610   0.7936          1.4918         
29     26.0000         32.6728         42700494.6678   0.7958          1.1709         
30     31.0000         38.7407         47230362.8072   0.8002          1.0586         
31     27.0000         32.9353         49262551.9545   0.8198          1.0150         
32     27.0000         32.5883         40515220.7442   0.8285          1.2341         
33     26.0000         30.9151         40803979.5715   0.8410          1.2254         
34     36.0000         42.4390         33632669.1661   0.8483          1.4866         
35     31.0000         36.5185         45245145.4692   0.8489          1.1051         
36     23.0000         25.5154         44926736.6206   0.9014          1.1129         
37     21.0000         23.1464         47995499.1151   0.9073          1.0418         
38     32.0000         34.7080         47431152.2054   0.9220          1.0542         
39     20.0000         21.6280         50000000.0000   0.9247          1.0000         
40     34.0000         36.4971         47520213.9279   0.9316          1.0522         
41     34.0000         35.2566         42770952.6862   0.9644          1.1690         
42     27.0000         27.9882         50000000.0000   0.9647          1.0000         
43     34.0000         34.6629         48139751.9048   0.9809          1.0386         
44     32.0000         32.0673         38714920.7538   0.9979          1.2915         
45     34.0000         33.5671         38405980.8447   1.0129          1.3019         
46     29.0000         28.3642         40835871.8004   1.0224          1.2244         
47     27.0000         26.2768         44486340.6612   1.0275          1.1239         
48     27.0000         26.2404         39328703.3887   1.0289          1.2713         
49     31.0000         29.9340         50000000.0000   1.0356          1.0000         
50     31.0000         29.5474         38016065.3966   1.0492          1.3152         
51     33.0000         29.3125         47376469.1962   1.1258          1.0554         
52     33.0000         29.2300         37977785.0811   1.1290          1.3166         
53     25.0000         21.3493         40645432.1191   1.1710          1.2302         
54     35.0000         29.8180         36737213.3595   1.1738          1.3610         
55     25.0000         21.1935         49606586.6556   1.1796          1.0079         
56     36.0000         30.4780         46779626.2107   1.1812          1.0688         
57     30.0000         24.7370         48051537.4574   1.2128          1.0405         
58     31.0000         25.0494         44556488.0848   1.2376          1.1222         
59     32.0000         25.7898         42013556.5581   1.2408          1.1901         
60     32.0000         25.6938         50000000.0000   1.2454          1.0000         
61     34.0000         26.5684         48600031.1935   1.2797          1.0288         
62     28.0000         21.7337         49067077.7038   1.2883          1.0190         
63     34.0000         25.8496         37099614.9018   1.3153          1.3477         
64     28.0000         20.9889         39906070.6833   1.3340          1.2529         
65     29.0000         21.4839         47483335.3012   1.3498          1.0530         
66     36.0000         26.1861         34801119.6730   1.3748          1.4367         
67     19.0000         13.3454         49733298.2737   1.4237          1.0054         
68     34.0000         23.2031         47563049.1319   1.4653          1.0512         
69     35.0000         22.0413         34133130.6674   1.5879          1.4649         
70     31.0000         18.9526         43584156.3224   1.6357          1.1472         
71     31.0000         18.9013         46315957.0229   1.6401          1.0795         
72     34.0000         20.6631         41462335.6742   1.6454          1.2059         
73     23.0000         13.8044         50000000.0000   1.6661          1.0000         
74     32.0000         18.8413         48898603.4323   1.6984          1.0225         
75     27.0000         15.7285         40584711.5967   1.7166          1.2320         
76     33.0000         18.5101         38535999.0705   1.7828          1.2975         
77     28.0000         15.4208         49348806.4039   1.8157          1.0132         
78     18.0000         9.2563          50000000.0000   1.9446          1.0000         
79     30.0000         14.1466         49496988.1044   2.1206          1.0102         
80     30.0000         11.7928         42033691.5916   2.5439          1.1895         
81     29.0000         11.1130         48024685.9507   2.6095          1.0411         
82     36.0000         12.3812         50000000.0000   2.9076          1.0000         
83     35.0000         11.9295         41658180.7806   2.9339          1.2002         
84     30.0000         10.0519         47872182.8892   2.9845          1.0444         
85     28.0000         8.3008          44130795.5893   3.3732          1.1330         
86     34.0000         8.7786          36106401.4875   3.8730          1.3848         
87     36.0000         8.2411          44776421.2865   4.3684          1.1167         
88     29.0000         6.4457          50000000.0000   4.4991          1.0000         
89     30.0000         6.6641          44799844.2620   4.5017          1.1161         
90     31.0000         5.6236          50000000.0000   5.5125          1.0000         
91     23.0000         1.7856          44866484.3971   12.8806         1.1144         
92     36.0000         2.5292          40343858.8690   14.2338         1.2393         
93     23.0000         1.4142          50000000.0000   16.2635         1.0000         
94     19.0000         1.0000          50000000.0000   19.0000         1.0000         
95     19.0000         1.0000          48482956.1627   19.0000         1.0313         
96     28.0000         1.2268          40308841.1947   22.8227         1.2404         
97     24.0000         1.0000          43839914.4614   24.0000         1.1405         
98     27.0000         1.0000          44270930.8323   27.0000         1.1294         
99     27.0000         1.0000          39072120.6811   27.0000         1.2797         
100    31.0000         1.0000          45928965.3200   31.0000         1.0886         
101    31.0000         1.0000          39971779.8057   31.0000         1.2509         
102    34.0000         1.0000          50000000.0000   34.0000         1.0000         
103    35.0000         1.0000          38613680.3821   35.0000         1.2949         
104    994.0000        26.7841         45804206.8140   37.1115         1.0916         
