client data            computing_speed throughput      update_time     upload_time    
0      17.0000         50.0000         50000000.0000   0.3400          1.0000         
1      18.0000         50.0000         50000000.0000   0.3600          1.0000         
2      23.0000         50.0000         50000000.0000   0.4600          1.0000         
3      23.0000         50.0000         44839091.4559   0.4600          1.1151         
4      23.0000         49.7302         47768730.6918   0.4625          1.0467         
5      20.0000         42.2122         47436028.9223   0.4738          1.0541         
6      16.0000         32.9882         50000000.0000   0.4850          1.0000         
7      24.0000         48.8051         42680250.6508   0.4918          1.1715         
8      19.0000         37.1817         46021314.7281   0.5110          1.0865         
9      19.0000         36.4589         46838176.0354   0.5211          1.0675         
10     26.0000         48.2761         41208002.6418   0.5386          1.2134         
11     27.0000         50.0000         42167067.0103   0.5400          1.1858         
12     31.0000         50.0000         50000000.0000   0.6200          1.0000         
13     20.0000         32.0672         46895475.4358   0.6237          1.0662         
14     25.0000         39.6574         40918818.2596   0.6304          1.2219         
15     22.0000         32.9516         50000000.0000   0.6676          1.0000         
16     24.0000         35.7695         40965832.2145   0.6710          1.2205         
17     34.0000         49.8836         48878837.6819   0.6816          1.0229         
18     35.0000         50.0000         48400663.7019   0.7000          1.0330         
19     24.0000         33.0790         50000000.0000   0.7255          1.0000         
20     29.0000         39.8822         44389363.9490   0.7271          1.1264         
21     32.0000         43.8836         34947656.7045   0.7292          1.4307         
22     26.0000         35.0943         41381685.7569   0.7409          1.2083         
23     31.0000         41.5440         43304332.4087   0.7462          1.1546         
24     34.0000         45.3585         39943873.7533   0.7496          1.2518         
25     27.0000         35.8652         42432348.9270   0.7528          1.1783         
26     31.0000         39.7944         36354312.5597   0.7790          1.3754         
27     36.0000         45.5856         31367379.4710   0.7897          1.5940         
28     31.0000         39.2110         42111240.3922   0.7906          1.1873         
29     31.0000         38.4666         40058543.9863   0.8059          1.2482         
30     30.0000         37.1981         48684184.1859   0.8065          1.0270         
31     34.0000         41.6557         50000000.0000   0.8162          1.0000         
32     31.0000         37.3517         43943975.5833   0.8299          1.1378         
33     33.0000         39.1226         48379062.4098   0.8435          1.0335         
34     25.0000         29.3652         40423965.3826   0.8513          1.2369         
35     26.0000         30.4731         44561054.9074   0.8532          1.1221         
36     27.0000         31.3432         50000000.0000   0.8614          1.0000         
37     34.0000         39.0995         40447500.4503   0.8696          1.2362         
38     31.0000         35.2964         34949177.4660   0.8783          1.4306         
39     31.0000         35.0733         48331133.9451   0.8839          1.0345         
40     34.0000         37.8240         37261768.4994   0.8989          1.3419         
41     31.0000         33.8438         35095137.1816   0.9160          1.4247         
42     31.0000         33.8352         50000000.0000   0.9162          1.0000         
43     32.0000         34.7263         38577364.6379   0.9215          1.2961         
44     23.0000         24.2293         50000000.0000   0.9493          1.0000         
45     25.0000         26.2629         50000000.0000   0.9519          1.0000         
46     35.0000         35.9911         50000000.0000   0.9725          1.0000         
47     28.0000         28.3970         50000000.0000   0.9860          1.0000         
48     31.0000         31.3536         40329573.6267   0.9887          1.2398         
49     31.0000         30.3753         35120432.9399   1.0206          1.4237         
50     34.0000         33.0259         40351528.0087   1.0295          1.2391         
51     28.0000         26.6780         50000000.0000   1.0496          1.0000         
52     29.0000         26.9184         44970436.8520   1.0773          1.1118         
53     23.0000         21.1536         45746363.4983   1.0873          1.0930         
54     26.0000         23.8953         46530775.0124   1.0881          1.0746         
55     23.0000         20.0904         48631714.3836   1.1448          1.0281         
56     33.0000         28.1151         33616412.2307   1.1737          1.4874         
57     30.0000         25.2152         35738743.1867   1.1898          1.3990         
58     22.0000         18.4898         43676856.6425   1.1898          1.1448         
59     35.0000         28.8390         32564595.2025   1.2136          1.5354         
60     28.0000         22.7879         39547401.4005   1.2287          1.2643         
61     32.0000         25.9389         48573994.8175   1.2337          1.0294         
62     30.0000         24.2270         41612095.0361   1.2383          1.2016         
63     35.0000         27.2895         39666790.1874   1.2825          1.2605         
64     32.0000         24.8249         36500918.6138   1.2890          1.3698         
65     28.0000         20.9640         47911029.5032   1.3356          1.0436         
66     35.0000         25.8410         45318459.9115   1.3544          1.1033         
67     36.0000         26.5189         35005082.9073   1.3575          1.4284         
68     29.0000         21.2347         38401827.9286   1.3657          1.3020         
69     24.0000         16.7336         42338533.7974   1.4342          1.1810         
70     29.0000         19.7803         38781987.8775   1.4661          1.2893         
71     35.0000         23.6704         40427457.9274   1.4786          1.2368         
72     34.0000         21.8350         41255735.5211   1.5571          1.2120         
73     36.0000         22.7340         47170397.8415   1.5835          1.0600         
74     24.0000         15.0351         50000000.0000   1.5963          1.0000         
75     19.0000         11.2705         50000000.0000   1.6858          1.0000         
76     33.0000         19.5608         39847510.1074   1.6870          1.2548         
77     34.0000         19.0940         44686419.3115   1.7807          1.1189         
78     22.0000         12.2012         48185634.7315   1.8031          1.0377         
79     30.0000         16.6372         38833391.6499   1.8032          1.2876         
80     35.0000         19.1734         39711451.2746   1.8254          1.2591         
81     29.0000         15.6152         45027017.9862   1.8572          1.1104         
82     34.0000         17.9557         50000000.0000   1.8935          1.0000         
83     31.0000         15.9232         44179431.2963   1.9468          1.1317         
84     33.0000         14.6459         42945391.3643   2.2532          1.1643         
85     28.0000         11.9341         37708066.5325   2.3462          1.3260         
86     34.0000         11.4660         50000000.0000   2.9653          1.0000         
87     33.0000         10.3056         35368829.3889   3.2022          1.4137         
88     27.0000         8.3386          50000000.0000   3.2380          1.0000         
89     32.0000         9.8039          34914544.1687   3.2640          1.4321         
90     36.0000         10.5571         45839873.6362   3.4100          1.0908         
91     34.0000         8.1806          48356693.6947   4.1562          1.0340         
92     36.0000         6.4548          49638646.3066   5.5773          1.0073         
93     27.0000         2.3889          50000000.0000   11.3024         1.0000         
94     33.0000         2.0462          33033113.3971   16.1276         1.5136         
95     34.0000         1.9236          41919539.6429   17.6748         1.1928         
96     30.0000         1.4565          38126086.0471   20.5973         1.3114         
97     27.0000         1.0000          45052230.9145   27.0000         1.1098         
98     994.0000        36.3190         37732332.0925   27.3686         1.3251         
99     28.0000         1.0000          42772007.6606   28.0000         1.1690         
100    28.0000         1.0000          42204681.3958   28.0000         1.1847         
101    36.0000         1.0000          38101876.3728   36.0000         1.3123         
